0.231674 0.425226 0.343100
0.212403 0.213682 0.573915
0.211942 0.211942 0.576117
0.212750 0.215009 0.572240
0.211942 0.211944 0.576113
0.213711 0.218753 0.567536
0.212554 0.214256 0.573191
0.214054 0.219913 0.566033
0.212511 0.214091 0.573398
0.221151 0.252653 0.526196
0.573273 0.214190 0.212537
0.211942 0.211942 0.576117
0.213168 0.216621 0.570212
0.230311 0.447452 0.322238
0.212998 0.215962 0.571040
0.213009 0.216006 0.570985
0.211942 0.211942 0.576117
0.211942 0.211942 0.576117
0.211942 0.211942 0.576117
0.212539 0.214201 0.573259
0.213107 0.216384 0.570509
0.212719 0.214889 0.572392
0.220846 0.528110 0.251044
0.212070 0.212422 0.575508
0.211992 0.212132 0.575875
0.211949 0.211969 0.576082
0.222883 0.562381 0.214737
0.211943 0.576110 0.211947
0.227512 0.482630 0.289858
0.211942 0.211944 0.576114
0.211942 0.211942 0.576117
0.211989 0.211954 0.576057
0.211942 0.211942 0.576117
0.212902 0.215592 0.571506
0.213024 0.216063 0.570914
0.213615 0.218374 0.568011
0.211942 0.211942 0.576117
0.211942 0.211942 0.576117
0.214336 0.221255 0.564409
0.339753 0.418363 0.241884
0.212074 0.212440 0.575485
0.225521 0.279056 0.495423
0.212295 0.213272 0.574433
0.213136 0.216498 0.570366
0.212599 0.214430 0.572971
0.212648 0.214618 0.572734
0.213214 0.216799 0.569987
0.216745 0.231406 0.551849
0.213641 0.218479 0.567880
0.221840 0.241823 0.536337
0.212653 0.214421 0.572926
0.212225 0.213009 0.574766
0.213907 0.219531 0.566562
0.213492 0.217889 0.568620
0.277293 0.497442 0.225265
0.211942 0.211942 0.576117
0.213351 0.569312 0.217337
0.211942 0.211942 0.576117
0.211942 0.211942 0.576117
0.213739 0.218864 0.567397
0.211948 0.211966 0.576085
0.218108 0.237559 0.544333
0.211951 0.211976 0.576073
0.211942 0.211942 0.576117
0.213290 0.217100 0.569610
0.217259 0.233689 0.549052
0.212006 0.212185 0.575809
0.212038 0.212304 0.575658
0.212013 0.575779 0.212208
0.213627 0.573981 0.212392
0.229074 0.301975 0.468950
0.211942 0.211942 0.576117
0.211945 0.211952 0.576104
0.211945 0.211943 0.576112
0.211990 0.212113 0.575897
0.213082 0.216288 0.570631
0.211943 0.211947 0.576110
0.211942 0.211942 0.576117
0.211942 0.211942 0.576117
0.213076 0.216267 0.570657
0.211942 0.211942 0.576117
0.268494 0.223921 0.507585
0.216515 0.213140 0.570345
0.212199 0.212911 0.574890
0.213334 0.217270 0.569397
0.212715 0.214873 0.572413
0.212546 0.214225 0.573230
0.213080 0.216281 0.570640
0.219714 0.245271 0.535015
0.212990 0.215931 0.571079
0.570407 0.216466 0.213128
0.211942 0.211942 0.576116
0.211950 0.211973 0.576077
0.211942 0.211942 0.576117
0.211942 0.211942 0.576116
0.211942 0.211942 0.576117
0.211942 0.211942 0.576117
0.212601 0.212117 0.575282
0.487428 0.226622 0.285950
0.212369 0.213553 0.574077
0.211942 0.211942 0.576117
0.216852 0.230604 0.552544
0.211942 0.211942 0.576117
0.216757 0.231455 0.551788
0.212973 0.215868 0.571159
0.217056 0.232303 0.550641
0.212428 0.213777 0.573795
0.211942 0.576117 0.211942
0.214867 0.223129 0.562005
0.213774 0.219004 0.567221
0.223437 0.265583 0.510980
0.217155 0.230182 0.552663
0.212304 0.213305 0.574391
0.212053 0.212359 0.575588
0.212124 0.212627 0.575249
0.212984 0.215846 0.571170
0.225772 0.280822 0.493406
0.212328 0.213398 0.574274
0.225671 0.279944 0.494385
0.212786 0.215144 0.572071
0.214186 0.220650 0.565164
0.211942 0.211942 0.576117
0.212925 0.212203 0.574872
0.212208 0.212941 0.574852
0.213986 0.219846 0.566169
0.230083 0.450479 0.319439
0.212479 0.213972 0.573549
0.267423 0.242438 0.490139
0.212000 0.212162 0.575838
0.213124 0.216452 0.570424
0.212429 0.213780 0.573791
0.213089 0.216315 0.570597
0.221677 0.255489 0.522834
0.216085 0.228537 0.555378
0.211942 0.211942 0.576117
0.216383 0.553798 0.229819
0.576087 0.211965 0.211948
0.215119 0.224459 0.560422
0.215290 0.225172 0.559537
0.212676 0.214711 0.572613
0.212279 0.213212 0.574509
0.211942 0.211942 0.576117
0.212818 0.215267 0.571916
0.226730 0.485399 0.287871
0.213026 0.216071 0.570903
0.213135 0.216494 0.570371
0.224023 0.269118 0.506859
0.214074 0.565759 0.220167
0.224964 0.275266 0.499769
0.221035 0.249410 0.529556
0.213412 0.217572 0.569016
0.220274 0.247987 0.531739
0.213415 0.217587 0.568998
0.213645 0.218493 0.567862
0.211942 0.211942 0.576117
0.215346 0.225406 0.559248
0.215814 0.556920 0.227266
0.212214 0.212966 0.574820
0.212052 0.212358 0.575590
0.216125 0.228708 0.555167
0.211942 0.211942 0.576117
0.214094 0.220278 0.565628
0.211942 0.211942 0.576117
0.213410 0.217569 0.569021
0.213003 0.215984 0.571013
0.212063 0.212397 0.575540
0.232640 0.393365 0.373996
0.559040 0.225574 0.215386
0.217888 0.236544 0.545568
0.211942 0.211942 0.576117
0.213251 0.216526 0.570222
0.574204 0.213453 0.212343
0.214002 0.219913 0.566085
0.216533 0.230476 0.552990
0.211942 0.211942 0.576117
0.222592 0.260612 0.516797
0.575078 0.212762 0.212160
0.212031 0.212275 0.575694
0.212477 0.213962 0.573561
0.213956 0.219710 0.566335
0.213117 0.216426 0.570457
0.214016 0.219967 0.566018
0.212678 0.214733 0.572589
0.213960 0.219741 0.566299
0.214226 0.220809 0.564965
0.212521 0.214126 0.573352
0.212172 0.212809 0.575019
0.215446 0.225825 0.558728
0.211942 0.211942 0.576117
0.232609 0.371653 0.395738
0.218331 0.238598 0.543072
0.214573 0.222214 0.563213
0.238544 0.268820 0.492637
0.212171 0.212803 0.575026
0.215466 0.558625 0.225909
0.212245 0.213082 0.574674
0.226737 0.287937 0.485326
0.212887 0.215535 0.571578
0.211942 0.211942 0.576117
0.213021 0.216051 0.570929
0.212046 0.212064 0.575890
0.213550 0.218118 0.568332
0.212113 0.212033 0.575853
0.212848 0.215384 0.571768
0.212344 0.213457 0.574199
0.211968 0.212040 0.575993
0.212518 0.214121 0.573360
0.211945 0.211956 0.576099
0.211942 0.211942 0.576117
0.211942 0.211942 0.576117
0.211942 0.211942 0.576117
0.211942 0.211942 0.576117
0.216653 0.231002 0.552345
0.213417 0.217596 0.568987
0.211942 0.211942 0.576117
0.211942 0.211942 0.576117
0.212203 0.212926 0.574870
0.211942 0.211942 0.576117
0.211942 0.211942 0.576117
0.213992 0.219871 0.566138
0.212259 0.213136 0.574605
0.212721 0.214898 0.572381
0.214742 0.222904 0.562354
0.214050 0.220103 0.565847
0.211942 0.211942 0.576117
0.213408 0.217559 0.569032
0.211942 0.211942 0.576117
0.211942 0.211942 0.576117
0.213301 0.217143 0.569555
0.212030 0.212274 0.575696
0.212511 0.214095 0.573394
0.213667 0.218580 0.567753
0.212337 0.213431 0.574232
0.219405 0.238254 0.542342
0.234090 0.370719 0.395190
0.575736 0.212242 0.212022
0.212483 0.213985 0.573532
0.211981 0.212091 0.575927
0.223824 0.267948 0.508228
0.218203 0.238004 0.543793
0.216814 0.231706 0.551480
0.211942 0.211942 0.576117
0.217505 0.234795 0.547701
0.211942 0.211942 0.576117
0.217554 0.235010 0.547436
0.211942 0.211943 0.576115
0.211942 0.211942 0.576117
0.212259 0.213137 0.574604
0.220622 0.249791 0.529587
0.229939 0.317739 0.452322
0.212458 0.213892 0.573650
0.216363 0.229733 0.553904
0.227181 0.291442 0.481377
0.211942 0.211942 0.576117
0.211942 0.211942 0.576117
0.211942 0.211942 0.576117
0.211942 0.211942 0.576117
0.211942 0.211942 0.576117
0.214463 0.221768 0.563769
0.215738 0.227054 0.557208
0.218678 0.240235 0.541087
0.218873 0.241165 0.539962
0.215282 0.225134 0.559584
0.211942 0.211942 0.576117
0.238776 0.232264 0.528960
0.211942 0.211942 0.576117
0.219700 0.535100 0.245200
0.211998 0.212152 0.575851
0.217824 0.236251 0.545924
0.213578 0.218230 0.568192
0.212159 0.212761 0.575080
0.212893 0.215557 0.571550
0.212146 0.212711 0.575143
0.213367 0.217398 0.569235
0.212425 0.213767 0.573808
0.212635 0.214566 0.572799
0.212609 0.214468 0.572923
0.295151 0.227644 0.477205
0.213698 0.218700 0.567602
0.214514 0.221974 0.563512
0.212677 0.212541 0.574783
0.217280 0.233780 0.548941
0.438385 0.314329 0.247286
0.213256 0.216964 0.569780
0.212587 0.214383 0.573030
0.212190 0.212875 0.574935
0.217396 0.548303 0.234302
0.214698 0.222723 0.562579
0.212324 0.213383 0.574293
0.212306 0.213316 0.574378
0.211942 0.211942 0.576117
0.212272 0.213185 0.574543
0.211977 0.212075 0.575947
0.212345 0.213461 0.574194
0.211950 0.211974 0.576075
0.211942 0.211942 0.576117
0.212519 0.214123 0.573359
0.211942 0.211942 0.576117
0.211983 0.212096 0.575922
0.212643 0.214596 0.572761
0.218149 0.237752 0.544099
0.212478 0.213967 0.573555
0.212194 0.212890 0.574916
0.212885 0.215526 0.571589
0.576104 0.211944 0.211952
0.211942 0.211942 0.576117
0.211962 0.212018 0.576021
0.231876 0.347266 0.420858
0.211942 0.211942 0.576117
0.216688 0.231152 0.552160
0.212715 0.214874 0.572411
0.211942 0.211942 0.576117
0.211942 0.211942 0.576117
0.212169 0.212796 0.575036
0.211942 0.211942 0.576117
0.230897 0.438942 0.330160
0.212442 0.213832 0.573726
0.212778 0.215114 0.572108
0.212008 0.212191 0.575801
0.212344 0.213458 0.574198
0.217839 0.236293 0.545869
0.219628 0.244843 0.535529
0.212909 0.215620 0.571471
0.215469 0.225920 0.558611
0.212264 0.213157 0.574578
0.213470 0.217319 0.569211
0.215126 0.224490 0.560384
0.213623 0.218407 0.567969
0.211942 0.211942 0.576117
0.215708 0.226231 0.558061
0.212134 0.212665 0.575201
0.212609 0.214465 0.572925
0.211942 0.211942 0.576117
0.212317 0.213357 0.574326
0.211942 0.211942 0.576117
0.212449 0.213855 0.573696
0.215018 0.224040 0.560942
0.212082 0.212470 0.575448
0.213911 0.219549 0.566540
0.214812 0.223192 0.561996
0.228586 0.302110 0.469304
0.211965 0.212028 0.576008
0.497071 0.277617 0.225312
0.211942 0.211942 0.576117
0.211990 0.212124 0.575886
0.214054 0.220120 0.565825
0.212806 0.215223 0.571971
0.212294 0.213267 0.574439
0.229383 0.311581 0.459036
0.228846 0.306131 0.465022
0.215652 0.226692 0.557655
0.212467 0.213925 0.573609
0.222936 0.262606 0.514458
0.215111 0.224427 0.560462
0.215860 0.227575 0.556564
0.212603 0.214443 0.572954
0.213531 0.218045 0.568423
0.215281 0.225132 0.559588
0.215187 0.224743 0.560070
0.215203 0.224807 0.559990
0.216950 0.562962 0.220088
0.213310 0.217178 0.569512
0.212031 0.212278 0.575691
0.217933 0.236750 0.545317
0.211942 0.211942 0.576117
0.211942 0.211942 0.576117
0.217810 0.236188 0.546002
0.214046 0.220086 0.565868
0.213667 0.218579 0.567754
0.216243 0.229191 0.554567
0.213210 0.216785 0.570006
0.212071 0.212428 0.575501
0.213567 0.218185 0.568248
0.211942 0.211942 0.576117
0.212172 0.212808 0.575020
0.217850 0.236370 0.545780
0.523829 0.221523 0.254648
0.212467 0.213925 0.573608
0.232127 0.353298 0.414575
0.212451 0.213864 0.573686
0.212149 0.212723 0.575128
0.212700 0.214817 0.572483
0.211942 0.211942 0.576117
0.211942 0.576116 0.211942
0.214967 0.223830 0.561202
0.212254 0.213112 0.574634
0.211942 0.211942 0.576117
0.214104 0.220318 0.565578
0.214340 0.221268 0.564392
0.211944 0.211952 0.576103
0.231955 0.418967 0.349078
0.213144 0.216530 0.570326
0.213449 0.217719 0.568832
0.211942 0.211942 0.576117
0.211942 0.211942 0.576117
0.213268 0.217013 0.569719
0.215436 0.220530 0.564035
0.211942 0.211942 0.576117
0.213475 0.217823 0.568702
0.219710 0.245250 0.535039
0.212094 0.212514 0.575392
0.214357 0.221338 0.564305
0.220513 0.249312 0.530174
0.212178 0.212830 0.574992
0.214376 0.221415 0.564208
0.212690 0.214776 0.572534
0.212070 0.575951 0.211979
0.211942 0.211942 0.576117
0.211942 0.211942 0.576117
0.214172 0.220586 0.565242
0.212645 0.214607 0.572748
0.212047 0.212339 0.575614
0.215775 0.227212 0.557013
0.576005 0.212030 0.211965
0.216738 0.231375 0.551887
0.211942 0.211942 0.576117
0.229494 0.312759 0.457747
0.213657 0.218540 0.567803
0.228710 0.304691 0.466599
0.212224 0.213005 0.574771
0.211975 0.212068 0.575956
0.211942 0.211942 0.576117
0.216726 0.231318 0.551957
0.211942 0.211944 0.576113
0.211942 0.211942 0.576116
0.218260 0.544605 0.237135
0.220111 0.247254 0.532636
0.211942 0.211942 0.576117
0.213289 0.217095 0.569616
0.216468 0.230190 0.553342
0.212784 0.215139 0.572077
0.211942 0.211942 0.576116
0.212823 0.215287 0.571890
0.211942 0.211942 0.576117
0.212337 0.213434 0.574229
0.219023 0.241885 0.539092
0.217166 0.233253 0.549582
0.212019 0.212232 0.575749
0.221793 0.256122 0.522086
0.213473 0.217814 0.568713
0.211942 0.211942 0.576117
0.213299 0.217132 0.569569
0.211942 0.211942 0.576116
0.231794 0.345559 0.422646
0.222642 0.260902 0.516456
0.232695 0.385586 0.381719
0.212151 0.212729 0.575119
0.230200 0.320866 0.448934
0.219572 0.244564 0.535864
0.211942 0.211942 0.576117
0.213182 0.216678 0.570140
0.212120 0.212611 0.575269
0.212864 0.215447 0.571689
0.217802 0.236148 0.546050
0.218250 0.238219 0.543531
0.224580 0.272732 0.502688
0.212641 0.214591 0.572768
0.213836 0.219248 0.566916
0.211942 0.211942 0.576117
0.219490 0.244159 0.536352
0.220197 0.247694 0.532109
0.211942 0.211942 0.576117
0.219091 0.242217 0.538692
0.229639 0.314336 0.456025
0.212170 0.212800 0.575031
0.214490 0.221876 0.563634
0.233493 0.328130 0.438377
0.213009 0.216006 0.570985
0.211962 0.212016 0.576022
0.215839 0.227484 0.556677
0.213374 0.217428 0.569198
0.214055 0.220122 0.565823
0.212093 0.212509 0.575398
0.212524 0.214143 0.573333
0.211942 0.211942 0.576117
0.211942 0.211942 0.576117
0.211942 0.211942 0.576117
0.211942 0.211942 0.576117
0.211942 0.211942 0.576117
0.301953 0.228408 0.469640
0.211942 0.211942 0.576117
0.214161 0.220549 0.565290
0.212389 0.213628 0.573983
0.211942 0.211942 0.576117
0.212569 0.214316 0.573115
0.212980 0.215895 0.571125
0.213983 0.219837 0.566180
0.214095 0.220283 0.565623
0.212667 0.214689 0.572644
0.214113 0.219191 0.566697
0.211942 0.211942 0.576117
0.216441 0.227483 0.556076
0.211942 0.211942 0.576117
0.219871 0.246053 0.534076
0.212890 0.215544 0.571566
0.223162 0.512901 0.263937
0.214650 0.222525 0.562826
0.212949 0.215774 0.571277
0.215659 0.226647 0.557694
0.213330 0.217254 0.569416
0.212303 0.213303 0.574395
0.575629 0.212327 0.212044
0.231822 0.422106 0.346072
0.212079 0.212456 0.575465
0.214719 0.562473 0.222808
0.214042 0.220071 0.565886
0.211942 0.211942 0.576117
0.214257 0.220933 0.564811
0.213965 0.219762 0.566273
0.212004 0.212175 0.575821
0.211942 0.211942 0.576117
0.212085 0.212480 0.575435
0.214295 0.220964 0.564741
0.211942 0.211943 0.576115
0.211964 0.212024 0.576012
0.213179 0.216666 0.570154
0.215136 0.224528 0.560336
0.212293 0.213264 0.574444
0.211942 0.211942 0.576117
0.219026 0.240417 0.540558
0.211942 0.211942 0.576117
0.212045 0.212331 0.575623
0.211942 0.211942 0.576117
0.218702 0.240329 0.540969
0.214590 0.222266 0.563144
0.212651 0.214627 0.572722
0.217905 0.236623 0.545471
0.217183 0.233295 0.549522
0.213630 0.218432 0.567938
0.574651 0.213099 0.212249
0.211942 0.211942 0.576117
0.212411 0.213714 0.573875
0.213283 0.217070 0.569647
0.214203 0.220717 0.565080
0.211958 0.212005 0.576037
0.214226 0.220809 0.564965
0.227221 0.291767 0.481012
0.212546 0.214226 0.573228
0.216403 0.229911 0.553686
0.214436 0.221658 0.563905
0.211942 0.211942 0.576117
0.214602 0.222333 0.563065
0.211942 0.211942 0.576117
0.212306 0.213314 0.574380
0.214491 0.221881 0.563628
0.212679 0.214736 0.572584
0.213262 0.216988 0.569750
0.212356 0.213503 0.574141
0.225742 0.280609 0.493649
0.219044 0.241991 0.538965
0.231493 0.339749 0.428758
0.221058 0.252154 0.526788
0.213524 0.218017 0.568459
0.211945 0.211942 0.576112
0.213721 0.218792 0.567487
0.229849 0.492938 0.277213
0.213742 0.218877 0.567381
0.212189 0.212873 0.574938
0.212500 0.214050 0.573450
0.213482 0.217851 0.568667
0.215239 0.224947 0.559813
0.211947 0.211959 0.576094
0.212463 0.213912 0.573625
0.227627 0.295101 0.477272
0.211942 0.211942 0.576117
0.213691 0.218673 0.567637
0.212413 0.213722 0.573865
0.215171 0.224673 0.560157
0.214731 0.222861 0.562407
0.213131 0.216478 0.570392
0.212216 0.212974 0.574810
0.211942 0.211942 0.576117
0.567946 0.213628 0.218426
0.576033 0.212008 0.211960
0.211942 0.211942 0.576117
0.211942 0.211942 0.576117
0.211942 0.211942 0.576117
0.211942 0.211942 0.576117
0.211942 0.211942 0.576117
0.211942 0.211942 0.576117
0.236833 0.318666 0.444501
0.212117 0.212601 0.575281
0.213319 0.217211 0.569471
0.216103 0.228613 0.555284
0.212396 0.213656 0.573948
0.213891 0.219466 0.566643
0.211942 0.211942 0.576117
0.220470 0.249048 0.530482
0.217535 0.550786 0.231680
0.212008 0.212191 0.575801
0.212052 0.212356 0.575592
0.215547 0.226246 0.558207
0.213531 0.218043 0.568426
0.211942 0.211942 0.576117
0.211942 0.211942 0.576117
0.214195 0.220686 0.565119
0.218925 0.241399 0.539676
0.211942 0.211942 0.576117
0.216154 0.228832 0.555014
0.217792 0.236103 0.546106
0.212443 0.213836 0.573721
0.214026 0.220007 0.565967
0.213294 0.217114 0.569593
0.213576 0.218219 0.568206
0.227812 0.478458 0.293730
0.213444 0.217696 0.568860
0.215194 0.224768 0.560038
0.212115 0.212402 0.575483
0.216998 0.232521 0.550482
0.211942 0.211942 0.576117
0.211951 0.211975 0.576074
0.215351 0.225426 0.559223
0.214773 0.223020 0.562207
0.216110 0.228642 0.555248
0.212682 0.214745 0.572574
0.213130 0.216474 0.570397
0.216582 0.230690 0.552727
0.211942 0.211942 0.576117
0.214398 0.221503 0.564099
0.214299 0.221103 0.564599
0.212610 0.214472 0.572917
0.211942 0.211942 0.576117
0.212608 0.214465 0.572927
0.211942 0.576116 0.211942
0.231503 0.339924 0.428574
0.217485 0.234683 0.547832
0.214391 0.221451 0.564158
0.215933 0.227885 0.556182
0.572248 0.215003 0.212749
0.213239 0.216899 0.569862
0.211942 0.211942 0.576117
0.213246 0.216922 0.569832
0.212097 0.211983 0.575920
0.212308 0.213323 0.574369
0.213412 0.217577 0.569011
0.214929 0.223671 0.561400
0.212744 0.214984 0.572272
0.211944 0.211951 0.576105
0.212490 0.214015 0.573495
0.213512 0.217969 0.568519
0.212610 0.214470 0.572920
0.212916 0.215645 0.571440
0.213384 0.217464 0.569152
0.211942 0.211942 0.576117
0.211942 0.211942 0.576117
0.212951 0.215780 0.571270
0.211942 0.211942 0.576117
0.575900 0.212113 0.211987
0.211942 0.211943 0.576116
0.211942 0.211942 0.576117
0.211944 0.211942 0.576114
0.211942 0.211942 0.576117
0.211942 0.211942 0.576117
0.211942 0.211942 0.576117
0.215416 0.225697 0.558888
0.212487 0.214002 0.573511
0.211942 0.211942 0.576117
0.214249 0.220903 0.564847
0.218171 0.237853 0.543976
0.214912 0.223599 0.561489
0.226518 0.286218 0.487264
0.216763 0.231483 0.551754
0.219911 0.246254 0.533835
0.222231 0.258558 0.519210
0.211942 0.211942 0.576117
0.213207 0.216776 0.570016
0.215224 0.224896 0.559880
0.575502 0.212427 0.212071
0.211942 0.211942 0.576117
0.212880 0.215508 0.571612
0.212282 0.212799 0.574919
0.212569 0.214315 0.573115
0.229995 0.318402 0.451602
0.212772 0.215092 0.572136
0.211942 0.211942 0.576117
0.213034 0.570864 0.216102
0.219861 0.220534 0.559605
0.212507 0.214077 0.573416
0.259039 0.403557 0.337404
0.211943 0.211945 0.576112
0.211942 0.211942 0.576117
0.212323 0.213379 0.574298
0.212031 0.212278 0.575690
0.212137 0.212674 0.575189
0.212333 0.213412 0.574255
0.219023 0.241888 0.539089
0.212242 0.213071 0.574687
0.214452 0.221724 0.563823
0.213529 0.218034 0.568437
0.215367 0.225492 0.559141
0.212070 0.211976 0.575954
0.214091 0.220269 0.565640
0.211942 0.211942 0.576117
0.211942 0.211942 0.576117
0.213303 0.217149 0.569548
0.213909 0.219540 0.566551
0.211997 0.212148 0.575855
0.213248 0.216933 0.569819
0.228394 0.301808 0.469798
0.212691 0.214779 0.572530
0.231351 0.431384 0.337265
0.211942 0.211942 0.576117
0.211953 0.211985 0.576062
0.212181 0.212843 0.574975
0.217442 0.234511 0.548047
0.211942 0.211942 0.576117
0.211942 0.211942 0.576116
0.576107 0.211949 0.211944
0.235278 0.361329 0.403393
0.212479 0.213971 0.573550
0.211942 0.211942 0.576117
0.211942 0.211942 0.576117
0.212274 0.213192 0.574535
0.214474 0.221812 0.563714
0.213597 0.218302 0.568101
0.212167 0.212790 0.575043
0.211952 0.211982 0.576066
0.213134 0.216491 0.570375
0.213799 0.219104 0.567096
0.216830 0.231778 0.551393
0.213643 0.218443 0.567915
0.213177 0.216657 0.570166
0.211942 0.211942 0.576117
0.223306 0.264794 0.511901
0.214420 0.221591 0.563989
0.214080 0.220223 0.565698
0.212855 0.215410 0.571735
0.213661 0.218556 0.567783
0.217855 0.236394 0.545750
0.215320 0.225294 0.559386
0.211942 0.211942 0.576117
0.212029 0.212269 0.575702
0.214923 0.223650 0.561426
0.211942 0.211943 0.576115
0.232692 0.380688 0.386620
0.223885 0.268323 0.507792
0.212266 0.213163 0.574571
0.213125 0.216455 0.570421
0.213197 0.216736 0.570067
0.212594 0.214411 0.572994
0.211947 0.211962 0.576091
0.574587 0.213150 0.212263
0.211942 0.211942 0.576117
0.211942 0.211942 0.576116
0.211942 0.211942 0.576117
0.211942 0.211942 0.576117
0.216682 0.231124 0.552195
0.214467 0.221782 0.563752
0.218725 0.240460 0.540815
0.220328 0.244545 0.535126
0.211942 0.211942 0.576117
0.211942 0.211942 0.576117
0.212948 0.215769 0.571284
0.212574 0.214334 0.573092
0.218200 0.237990 0.543810
0.213639 0.218468 0.567893
0.211943 0.211945 0.576112
0.212131 0.212652 0.575217
0.212283 0.213228 0.574489
0.225608 0.279668 0.494724
0.217435 0.234263 0.548301
0.213195 0.216729 0.570075
0.214301 0.221112 0.564587
0.211942 0.211942 0.576117
0.212506 0.213816 0.573679
0.212407 0.213698 0.573894
0.211942 0.211942 0.576117
0.214307 0.221134 0.564559
0.217610 0.235272 0.547118
0.212331 0.213409 0.574260
0.212072 0.575952 0.211976
0.212171 0.212792 0.575038
0.211942 0.211942 0.576116
0.214567 0.222188 0.563245
0.212917 0.215649 0.571434
0.215829 0.227441 0.556730
0.212847 0.215379 0.571775
0.215130 0.212782 0.572088
0.212658 0.214654 0.572688
0.215543 0.226047 0.558410
0.212990 0.215931 0.571079
0.211957 0.211998 0.576045
0.214247 0.220893 0.564860
0.212470 0.213936 0.573594
0.213018 0.212708 0.574274
0.217609 0.235267 0.547124
0.212730 0.214932 0.572338
0.211942 0.211942 0.576117
0.211942 0.211943 0.576116
0.214934 0.223688 0.561378
0.220722 0.250394 0.528884
0.212205 0.212931 0.574865
0.218115 0.237593 0.544292
0.217179 0.233329 0.549492
0.223340 0.265000 0.511660
0.216360 0.554423 0.229218
0.234385 0.315349 0.450266
0.211942 0.211942 0.576117
0.213328 0.217243 0.569429
0.226652 0.486885 0.286463
0.212051 0.212352 0.575597
0.216514 0.230389 0.553097
0.218759 0.240613 0.540628
0.219067 0.242100 0.538833
0.218816 0.240891 0.540293
0.212241 0.212037 0.575723
0.213590 0.218274 0.568137
0.211942 0.211942 0.576117
0.211942 0.211942 0.576117
0.543602 0.220109 0.236289
0.231075 0.332823 0.436101
0.211942 0.211942 0.576116
0.212122 0.212618 0.575260
0.211942 0.211942 0.576117
0.211942 0.211942 0.576117
0.211946 0.211959 0.576094
0.211943 0.211947 0.576110
0.215907 0.227773 0.556320
0.212390 0.213632 0.573979
0.211942 0.211942 0.576117
0.213296 0.217123 0.569581
0.211942 0.211942 0.576117
0.213723 0.218801 0.567475
0.212203 0.212925 0.574872
0.216384 0.229695 0.553922
0.211942 0.211942 0.576117
0.212109 0.212572 0.575319
0.219982 0.246607 0.533410
0.212009 0.212195 0.575796
0.212025 0.212255 0.575720
0.213768 0.218981 0.567251
0.211942 0.211942 0.576117
0.211942 0.211943 0.576115
0.211962 0.212019 0.576019
0.214376 0.221417 0.564207
0.213377 0.217441 0.569182
0.211942 0.211942 0.576117
0.211958 0.211946 0.576096
0.216767 0.551733 0.231500
0.211942 0.211942 0.576116
0.571476 0.215616 0.212908
0.219836 0.534305 0.245859
0.212318 0.213358 0.574324
0.211943 0.211945 0.576112
0.213931 0.219627 0.566442
0.218747 0.240559 0.540695
0.212545 0.214051 0.573404
0.211945 0.211956 0.576098
0.230168 0.449366 0.320466
0.211979 0.212083 0.575938
0.212460 0.213899 0.573641
0.214538 0.222071 0.563392
0.576110 0.211947 0.211943
0.215308 0.225247 0.559445
0.212169 0.212795 0.575036
0.211942 0.211942 0.576117
0.211942 0.211942 0.576117
0.212485 0.213995 0.573519
0.215303 0.225226 0.559471
0.555198 0.216119 0.228683
0.211942 0.211942 0.576117
0.216532 0.230471 0.552997
0.215292 0.225177 0.559531
0.212108 0.212568 0.575323
0.576056 0.211990 0.211954
0.231673 0.343109 0.425219
0.230155 0.316466 0.453379
0.218318 0.238540 0.543141
0.226041 0.282749 0.491210
0.211942 0.211942 0.576117
0.211942 0.211942 0.576117
0.221184 0.252827 0.525989
0.215267 0.225073 0.559660
0.212049 0.212346 0.575604
0.229574 0.313635 0.456791
0.211942 0.211942 0.576117
0.212336 0.213428 0.574236
0.212582 0.214364 0.573054
0.212134 0.212665 0.575201
0.215490 0.226008 0.558501
0.212321 0.213370 0.574310
0.213153 0.216563 0.570284
0.211942 0.211942 0.576117
0.211942 0.211942 0.576117
0.217330 0.234006 0.548664
0.212894 0.215560 0.571546
0.212505 0.214069 0.573426
0.212246 0.213089 0.574665
0.211954 0.211987 0.576059
0.222255 0.258693 0.519052
0.211944 0.211942 0.576114
0.211942 0.211942 0.576117
0.211993 0.212135 0.575872
0.212070 0.212422 0.575508
0.220461 0.249044 0.530494
0.214329 0.221223 0.564448
0.212296 0.213276 0.574428
0.211942 0.211942 0.576117
0.215445 0.225816 0.558739
0.576115 0.211943 0.211942
0.211942 0.211942 0.576117
0.213348 0.217326 0.569326
0.215242 0.224972 0.559786
0.232532 0.367278 0.400190
0.212430 0.212074 0.575496
0.212396 0.213655 0.573949
0.212155 0.212742 0.575103
0.215303 0.225227 0.559470
0.212634 0.214532 0.572834
0.211942 0.211942 0.576117
0.212966 0.215838 0.571196
0.213331 0.217247 0.569422
0.211942 0.211942 0.576116
0.213166 0.216615 0.570219
0.223984 0.267620 0.508397
0.215650 0.226682 0.557668
0.215416 0.225464 0.559120
0.212016 0.212219 0.575765
0.218228 0.238121 0.543651
0.211976 0.212072 0.575952
0.235295 0.217615 0.547090
0.211942 0.211942 0.576117
0.211942 0.211942 0.576117
0.212191 0.575801 0.212008
0.211942 0.211945 0.576112
0.212074 0.212437 0.575489
0.217812 0.236195 0.545993
0.212203 0.575786 0.212011
0.575740 0.212239 0.212021
0.211942 0.211942 0.576117
0.211942 0.211942 0.576117
0.212256 0.213125 0.574619
0.211942 0.211942 0.576117
0.218084 0.237448 0.544468
0.212848 0.215384 0.571768
0.212168 0.212792 0.575041
0.212357 0.213508 0.574135
0.213243 0.216912 0.569845
0.212449 0.213856 0.573695
0.211942 0.211942 0.576117
0.224468 0.272010 0.503521
0.325183 0.385713 0.289104
0.213398 0.569089 0.217513
0.212694 0.214791 0.572515
0.211942 0.211942 0.576117
0.212458 0.213893 0.573648
0.211942 0.211942 0.576117
0.212612 0.214479 0.572909
0.212424 0.213762 0.573814
0.575836 0.212163 0.212001
0.212809 0.215234 0.571957
0.227281 0.292250 0.480469
0.219270 0.243083 0.537648
0.212157 0.212752 0.575091
0.211942 0.211942 0.576117
0.216444 0.230087 0.553469
0.214558 0.222076 0.563366
0.232229 0.344506 0.423264
0.214431 0.221639 0.563930
0.211942 0.211942 0.576117
0.212389 0.213627 0.573984
0.574821 0.212731 0.212448
0.212612 0.214477 0.572911
0.213571 0.218201 0.568228
0.212855 0.215410 0.571735
0.225728 0.495283 0.278989
0.211942 0.211942 0.576116
0.211942 0.211942 0.576117
0.211943 0.576112 0.211945
0.211942 0.211942 0.576117
0.212225 0.213007 0.574768
0.222572 0.260334 0.517094
0.211949 0.211969 0.576082
0.211948 0.211966 0.576086
0.211942 0.211942 0.576117
0.214702 0.222740 0.562559
0.211976 0.212070 0.575955
0.211950 0.211972 0.576078
0.224617 0.272977 0.502405
0.212282 0.213223 0.574495
0.211942 0.211942 0.576117
0.211942 0.211942 0.576117
0.226172 0.242585 0.531242
0.211942 0.211942 0.576117
0.217246 0.233627 0.549127
0.211942 0.211942 0.576117
0.213349 0.217328 0.569323
0.211946 0.211957 0.576098
0.211942 0.211942 0.576117
0.212328 0.213399 0.574273
0.229195 0.309623 0.461182
0.212277 0.213162 0.574561
0.211942 0.211943 0.576115
0.215116 0.224445 0.560439
0.211945 0.211954 0.576101
0.231971 0.293406 0.474623
0.214401 0.221337 0.564262
0.212192 0.212883 0.574925
0.211942 0.211942 0.576117
0.218397 0.238908 0.542696
0.213877 0.219413 0.566710
0.213968 0.219773 0.566259
0.212498 0.214043 0.573459
0.212276 0.213195 0.574529
0.211957 0.212001 0.576042
0.211942 0.211942 0.576117
0.211942 0.211942 0.576116
0.211942 0.211942 0.576117
0.212032 0.212281 0.575687
0.212220 0.212990 0.574790
0.211942 0.211942 0.576117
0.212292 0.213261 0.574447
0.225789 0.280939 0.493273
0.292059 0.309110 0.398832
0.211942 0.211942 0.576117
0.222831 0.261996 0.515173
0.212223 0.212999 0.574778
0.212832 0.215322 0.571846
0.214154 0.220521 0.565325
0.213790 0.219067 0.567143
0.213123 0.216446 0.570431
0.213681 0.218637 0.567682
0.214019 0.219980 0.566001
0.214724 0.222830 0.562446
0.220904 0.251350 0.527746
0.216105 0.228623 0.555271
0.211982 0.212092 0.575926
0.212066 0.212409 0.575525
0.212049 0.212344 0.575608
0.212740 0.214968 0.572292
0.211942 0.211942 0.576117
0.213337 0.217282 0.569381
0.211942 0.211942 0.576117
0.215464 0.225898 0.558639
0.213657 0.218540 0.567803
0.212538 0.214197 0.573264
0.211942 0.211942 0.576117
0.211942 0.211942 0.576117
0.211943 0.211947 0.576110
0.214557 0.222150 0.563293
0.212525 0.214147 0.573328
0.212133 0.212660 0.575207
0.212947 0.215765 0.571288
0.213838 0.219257 0.566906
0.213085 0.216301 0.570614
0.213847 0.219292 0.566861
0.215899 0.227738 0.556363
0.211961 0.212015 0.576024
0.213215 0.216804 0.569981
0.215029 0.224085 0.560886
0.211942 0.211942 0.576117
0.213426 0.217632 0.568942
0.213706 0.218734 0.567561
0.211943 0.211948 0.576109
0.213388 0.217482 0.569130
0.213312 0.217183 0.569506
0.213416 0.212333 0.574251
0.211942 0.211942 0.576117
0.211942 0.211942 0.576117
0.211942 0.211942 0.576117
0.212402 0.213678 0.573920
0.214261 0.220952 0.564787
0.216144 0.228788 0.555068
0.213591 0.218281 0.568127
0.211942 0.211942 0.576117
0.211945 0.211955 0.576100
0.212152 0.212734 0.575114
0.216416 0.229966 0.553618
0.212166 0.212786 0.575048
0.212098 0.212528 0.575374
0.212305 0.213312 0.574383
0.211943 0.211946 0.576112
0.222773 0.261655 0.515572
0.211942 0.211942 0.576117
0.211952 0.211980 0.576069
0.211943 0.211945 0.576112
0.211942 0.211942 0.576117
0.215164 0.224645 0.560192
0.213678 0.218624 0.567698
0.211942 0.211942 0.576117
0.219717 0.245283 0.535000
0.212415 0.213729 0.573856
0.219906 0.246229 0.533864
0.211942 0.211942 0.576117
0.211942 0.211942 0.576117
0.212713 0.214866 0.572420
0.212281 0.213220 0.574499
0.212462 0.213907 0.573631
0.213776 0.219011 0.567213
0.211942 0.211942 0.576117
0.211942 0.211942 0.576117
0.212001 0.212163 0.575837
0.213212 0.216774 0.570014
0.213082 0.216288 0.570630
0.211942 0.211942 0.576117
0.214209 0.220740 0.565051
0.212096 0.212523 0.575381
0.211942 0.211942 0.576117
0.215222 0.224888 0.559890
0.211942 0.211942 0.576117
0.279131 0.245147 0.475723
0.211942 0.576117 0.211942
0.212427 0.213772 0.573802
0.212271 0.213182 0.574546
0.215866 0.227599 0.556535
0.212473 0.213947 0.573580
0.215650 0.226681 0.557669
0.225192 0.273374 0.501434
0.212027 0.212262 0.575711
0.214947 0.223748 0.561305
0.214001 0.219909 0.566090
0.211942 0.211942 0.576117
0.211942 0.211942 0.576117
0.212522 0.214136 0.573342
0.211942 0.211942 0.576117
0.212079 0.212458 0.575462
0.217948 0.236807 0.545245
0.211942 0.211942 0.576116
0.215294 0.225189 0.559517
0.211942 0.211942 0.576116
0.212931 0.215704 0.571365
0.518053 0.243910 0.238037
0.212165 0.212781 0.575054
0.217764 0.235975 0.546262
0.212354 0.212051 0.575595
0.211942 0.211942 0.576117
0.211947 0.211963 0.576090
0.211942 0.211942 0.576117
0.231035 0.436759 0.332206
0.214501 0.221923 0.563575
0.216132 0.228739 0.555129
0.222992 0.262913 0.514094
0.214221 0.220787 0.564992
0.220639 0.249964 0.529397
0.232692 0.386378 0.380930
0.216694 0.231178 0.552129
0.211942 0.211942 0.576117
0.212690 0.214777 0.572533
0.211942 0.211942 0.576117
0.211942 0.211942 0.576117
0.212008 0.212191 0.575801
0.212002 0.212169 0.575829
0.211942 0.211942 0.576117
0.212066 0.212408 0.575526
0.213931 0.219627 0.566443
0.212012 0.212207 0.575781
0.212599 0.214428 0.572974
0.216613 0.230824 0.552563
0.217052 0.232761 0.550188
0.213524 0.218016 0.568459
0.213497 0.217872 0.568631
0.211944 0.211952 0.576104
0.221299 0.253443 0.525258
0.212512 0.573393 0.214096
0.232420 0.361734 0.405846
0.211942 0.211942 0.576116
0.212844 0.215370 0.571786
0.213329 0.217251 0.569420
0.212065 0.212405 0.575531
0.212002 0.212167 0.575832
0.212491 0.214017 0.573492
0.212016 0.212222 0.575761
0.211970 0.212048 0.575982
0.214060 0.220141 0.565799
0.216710 0.231159 0.552131
0.214141 0.220468 0.565391
0.213383 0.217461 0.569156
0.213448 0.217716 0.568836
0.222425 0.259655 0.517920
0.223629 0.246758 0.529613
0.212127 0.575234 0.212639
0.213714 0.218765 0.567521
0.211942 0.211942 0.576117
0.230047 0.319016 0.450937
0.211942 0.211942 0.576117
0.212280 0.213215 0.574505
0.214457 0.221740 0.563803
0.212524 0.214144 0.573331
0.211942 0.211942 0.576117
0.211942 0.211942 0.576117
0.211944 0.211942 0.576114
0.218119 0.565106 0.216775
0.213463 0.217777 0.568760
0.212986 0.215917 0.571097
0.213165 0.216613 0.570222
0.217142 0.233163 0.549695
0.219051 0.242024 0.538925
0.212348 0.213472 0.574181
0.213785 0.219045 0.567171
0.212005 0.212179 0.575816
0.230381 0.446539 0.323080
0.223538 0.266096 0.510366
0.216949 0.232306 0.550745
0.212287 0.213243 0.574470
0.212198 0.212907 0.574895
0.223926 0.507495 0.268579
0.214126 0.220407 0.565467
0.212094 0.212513 0.575393
0.211942 0.211942 0.576117
0.214150 0.220504 0.565346
0.212478 0.213969 0.573553
0.258725 0.336232 0.405042
0.211942 0.211942 0.576117
0.211961 0.212016 0.576023
0.214770 0.222990 0.562240
0.220199 0.247706 0.532095
0.213617 0.218383 0.568000
0.212027 0.212260 0.575713
0.212149 0.212720 0.575131
0.306989 0.464015 0.228996
0.212130 0.212650 0.575220
0.213161 0.216595 0.570245
0.211947 0.211963 0.576089
0.211942 0.211942 0.576117
0.211942 0.211942 0.576117
0.211942 0.576117 0.211942
0.217996 0.237043 0.544960
0.213332 0.217263 0.569405
0.211964 0.212026 0.576010
0.211948 0.211967 0.576084
0.215812 0.227368 0.556820
0.211946 0.211960 0.576094
0.211942 0.211942 0.576116
0.211993 0.212136 0.575871
0.211952 0.211981 0.576067
0.211963 0.212023 0.576014
0.211942 0.211942 0.576117
0.212137 0.575185 0.212677
0.213132 0.216482 0.570387
0.211942 0.576117 0.211942
0.223536 0.511398 0.265066
0.225909 0.281796 0.492295
0.220138 0.247394 0.532468
0.214279 0.220981 0.564740
0.211942 0.211942 0.576117
0.211942 0.211943 0.576115
0.212645 0.214604 0.572751
0.214439 0.221668 0.563893
0.211942 0.211942 0.576117
0.211942 0.211942 0.576116
0.211942 0.211942 0.576117
0.213226 0.216768 0.570006
0.211942 0.211942 0.576117
0.213469 0.217800 0.568731
0.212306 0.213316 0.574378
0.215882 0.224472 0.559646
0.215129 0.224499 0.560373
0.214767 0.223005 0.562227
0.213315 0.217195 0.569490
0.211984 0.212099 0.575918
0.212889 0.215531 0.571580
0.214925 0.223657 0.561417
0.212352 0.213487 0.574162
0.212575 0.214337 0.573088
0.211942 0.211942 0.576116
0.211966 0.212032 0.576002
0.211967 0.211948 0.576084
0.214376 0.221416 0.564207
0.211943 0.211947 0.576110
0.212332 0.213413 0.574255
0.212606 0.214457 0.572937
0.212701 0.214821 0.572478
0.231630 0.278993 0.489377
0.215868 0.227608 0.556524
0.215078 0.224288 0.560635
0.211961 0.212013 0.576026
0.211942 0.211942 0.576117
0.211943 0.211947 0.576111
0.211942 0.211942 0.576117
0.212940 0.215737 0.571323
0.213332 0.217263 0.569405
0.212690 0.214779 0.572531
0.211961 0.212016 0.576023
0.213467 0.217791 0.568742
0.211942 0.211942 0.576117
0.211942 0.211942 0.576117
0.212147 0.212713 0.575140
0.213433 0.217647 0.568920
0.211942 0.211942 0.576117
0.214121 0.220389 0.565490
0.212831 0.215319 0.571850
0.214963 0.223802 0.561235
0.215572 0.226351 0.558077
0.211942 0.211942 0.576117
0.212831 0.215320 0.571849
0.211942 0.211942 0.576117
0.224647 0.215164 0.560189
0.213192 0.212274 0.574534
0.213069 0.216240 0.570691
0.212850 0.215393 0.571756
0.212128 0.212642 0.575229
0.213263 0.216993 0.569744
0.211942 0.211942 0.576117
0.211942 0.211942 0.576117
0.230719 0.327626 0.441655
0.212146 0.212710 0.575144
0.215399 0.225624 0.558977
0.213414 0.212332 0.574254
0.211942 0.211942 0.576117
0.211983 0.212096 0.575921
0.212745 0.214988 0.572266
0.211985 0.575911 0.212104
0.212418 0.213738 0.573845
0.218723 0.240452 0.540825
0.212531 0.214170 0.573299
0.220366 0.248556 0.531079
0.213621 0.218396 0.567983
0.212051 0.212352 0.575597
0.229632 0.277300 0.493068
0.212276 0.575692 0.212031
0.212492 0.214019 0.573489
0.212990 0.215932 0.571078
0.231795 0.344541 0.423664
0.211942 0.211942 0.576117
0.211942 0.211942 0.576117
0.213853 0.219316 0.566831
0.213041 0.216128 0.570831
0.212012 0.212206 0.575782
0.215334 0.225353 0.559313
0.216601 0.230771 0.552628
0.211955 0.211992 0.576053
0.212633 0.214559 0.572808
0.217622 0.235312 0.547067
0.215806 0.227215 0.556979
0.216343 0.229060 0.554597
0.213078 0.216272 0.570650
0.215243 0.224976 0.559781
0.238411 0.238310 0.523279
0.211993 0.212133 0.575875
0.215473 0.225893 0.558634
0.212202 0.212920 0.574879
0.222099 0.257823 0.520078
0.215773 0.227199 0.557028
0.215909 0.227781 0.556310
0.212210 0.212951 0.574839
0.211942 0.211942 0.576117
0.213322 0.217223 0.569455
0.212311 0.213333 0.574356
0.212838 0.215344 0.571818
0.211942 0.211943 0.576115
0.240157 0.541181 0.218661
0.211942 0.211942 0.576117
0.211960 0.211947 0.576092
0.216081 0.228518 0.555401
0.223461 0.265725 0.510815
0.212042 0.212320 0.575638
0.211942 0.211942 0.576117
0.213293 0.217111 0.569596
0.217031 0.232665 0.550303
0.212237 0.213054 0.574708
0.212288 0.213248 0.574464
0.212025 0.212256 0.575719
0.571504 0.215593 0.212902
0.212300 0.213291 0.574410
0.214583 0.222254 0.563164
0.212344 0.213457 0.574200
0.213498 0.217914 0.568588
0.212007 0.212188 0.575805
0.212031 0.212278 0.575691
0.217246 0.233629 0.549125
0.228735 0.305051 0.466214
0.211950 0.576080 0.211970
0.213694 0.218685 0.567621
0.211942 0.211944 0.576114
0.212594 0.214366 0.573040
0.221744 0.255853 0.522404
0.216817 0.231720 0.551463
0.211945 0.211956 0.576099
0.561002 0.223992 0.215006
0.230093 0.319555 0.450353
0.211942 0.211942 0.576117
0.213175 0.216650 0.570176
0.211942 0.211942 0.576117
0.211942 0.211942 0.576117
0.211942 0.211942 0.576117
0.212039 0.212301 0.575660
0.211995 0.212141 0.575864
0.211942 0.211942 0.576117
0.222836 0.262025 0.515138
0.216760 0.231470 0.551770
0.211942 0.211942 0.576117
0.250074 0.529266 0.220660
0.229060 0.308026 0.462914
0.226115 0.283285 0.490601
0.211942 0.211943 0.576115
0.214082 0.220232 0.565686
0.218569 0.239715 0.541716
0.232764 0.387436 0.379801
0.212636 0.214571 0.572793
0.214448 0.221705 0.563848
0.213231 0.216869 0.569899
0.213529 0.568435 0.218036
0.213081 0.216282 0.570637
0.213276 0.217018 0.569706
0.213141 0.216516 0.570343
0.211942 0.211942 0.576117
0.214353 0.221321 0.564326
0.215049 0.224142 0.560810
0.232206 0.342936 0.424858
0.221083 0.527511 0.251406
0.220445 0.248963 0.530591
0.212053 0.212360 0.575587
0.212198 0.212904 0.574898
0.414255 0.232141 0.353604
0.212633 0.214559 0.572808
0.222492 0.260038 0.517470
0.223181 0.264050 0.512769
0.212612 0.214410 0.572979
0.213446 0.217710 0.568844
0.211942 0.211942 0.576117
0.214279 0.221024 0.564696
0.212042 0.575642 0.212317
0.213426 0.568945 0.217630
0.213306 0.217160 0.569534
0.212362 0.213526 0.574112
0.215378 0.225536 0.559086
0.213108 0.216390 0.570502
0.222642 0.516462 0.260897
0.211952 0.211944 0.576104
0.218270 0.238317 0.543413
0.211951 0.211976 0.576073
0.212224 0.213005 0.574770
0.212216 0.212974 0.574810
0.213786 0.219049 0.567165
0.211942 0.211942 0.576117
0.212877 0.215497 0.571625
0.212931 0.215704 0.571365
0.211942 0.211942 0.576117
0.211942 0.211942 0.576117
0.213747 0.218894 0.567359
0.218387 0.238864 0.542749
0.211942 0.211942 0.576116
0.211942 0.211942 0.576117
0.211942 0.211942 0.576117
0.212701 0.214820 0.572479
0.212396 0.213655 0.573949
0.213730 0.218828 0.567443
0.213458 0.217756 0.568786
0.213817 0.219173 0.567010
0.219418 0.536774 0.243808
0.214035 0.220042 0.565923
0.213381 0.217454 0.569165
0.213135 0.216496 0.570369
0.214591 0.222286 0.563124
0.214646 0.222511 0.562844
0.213977 0.219811 0.566212
0.211942 0.211942 0.576116
0.214094 0.220279 0.565627
0.211960 0.212009 0.576031
0.212133 0.212661 0.575206
0.214588 0.222275 0.563137
0.212302 0.213280 0.574418
0.211942 0.211942 0.576117
0.214394 0.221486 0.564120
0.211993 0.212136 0.575870
0.223222 0.512846 0.263933
0.211994 0.211956 0.576050
0.212636 0.214572 0.572792
0.222236 0.258590 0.519173
0.211942 0.211942 0.576117
0.211991 0.212125 0.575884
0.572763 0.214595 0.212642
0.211943 0.211948 0.576108
0.211942 0.211942 0.576117
0.211942 0.211942 0.576117
0.211956 0.211996 0.576048
0.212137 0.212676 0.575187
0.229049 0.308137 0.462815
0.212667 0.214690 0.572642
0.211942 0.211942 0.576117
0.211942 0.211942 0.576117
0.211942 0.211942 0.576117
0.211942 0.211942 0.576117
0.211942 0.211942 0.576117
0.211943 0.211946 0.576111
0.212217 0.212980 0.574803
0.229738 0.315439 0.454823
0.212970 0.215856 0.571173
0.218419 0.542572 0.239009
0.216722 0.231301 0.551977
0.213480 0.217844 0.568676
