0.232666 0.394153 0.373180
0.212820 0.215275 0.571905
0.211942 0.211942 0.576117
0.213010 0.216008 0.570981
0.211942 0.211943 0.576115
0.214199 0.220703 0.565098
0.213620 0.218393 0.567987
0.213416 0.217525 0.569059
0.212823 0.215289 0.571888
0.221610 0.255108 0.523283
0.573435 0.214062 0.212503
0.211942 0.211942 0.576117
0.212879 0.215503 0.571619
0.232275 0.357518 0.410206
0.213144 0.216531 0.570325
0.213699 0.218705 0.567596
0.211942 0.211942 0.576117
0.211942 0.211942 0.576117
0.211942 0.211942 0.576117
0.213057 0.216190 0.570753
0.213807 0.219134 0.567059
0.212488 0.214005 0.573508
0.222019 0.520614 0.257367
0.211979 0.212082 0.575939
0.211984 0.212099 0.575917
0.211950 0.211972 0.576078
0.237840 0.543992 0.218168
0.211950 0.576097 0.211953
0.230316 0.455496 0.314188
0.211958 0.212001 0.576041
0.211942 0.211942 0.576117
0.211961 0.211947 0.576093
0.211942 0.211942 0.576117
0.212842 0.215362 0.571796
0.213847 0.219292 0.566861
0.214890 0.223511 0.561599
0.211942 0.211942 0.576117
0.211942 0.211942 0.576117
0.215194 0.224769 0.560037
0.318726 0.423530 0.257744
0.212736 0.214955 0.572308
0.231233 0.335318 0.433448
0.212640 0.214584 0.572776
0.212479 0.213971 0.573550
0.213548 0.218108 0.568344
0.212990 0.215934 0.571076
0.214128 0.220409 0.565463
0.216199 0.229028 0.554773
0.213205 0.216766 0.570030
0.220302 0.240482 0.539216
0.214136 0.220447 0.565417
0.212154 0.212740 0.575106
0.212965 0.215837 0.571197
0.213890 0.219464 0.566647
0.296578 0.475622 0.227800
0.211942 0.211942 0.576117
0.212358 0.574130 0.213512
0.211942 0.211942 0.576117
0.211998 0.212154 0.575848
0.218810 0.240863 0.540328
0.212479 0.213972 0.573549
0.220084 0.247088 0.532828
0.212162 0.212770 0.575068
0.211942 0.211942 0.576117
0.213919 0.219579 0.566503
0.214438 0.221663 0.563899
0.212003 0.212170 0.575827
0.212222 0.212995 0.574783
0.211974 0.575966 0.212060
0.212502 0.575407 0.212091
0.231007 0.293757 0.475236
0.211942 0.211942 0.576117
0.211942 0.211942 0.576117
0.211942 0.211942 0.576117
0.211942 0.211944 0.576114
0.213184 0.216684 0.570132
0.211942 0.211942 0.576117
0.211945 0.211953 0.576102
0.211942 0.211942 0.576117
0.212987 0.215922 0.571091
0.211942 0.211942 0.576117
0.448150 0.230259 0.321591
0.218894 0.213746 0.567360
0.212123 0.212623 0.575255
0.213035 0.216107 0.570858
0.212555 0.214259 0.573186
0.213176 0.216655 0.570169
0.212541 0.214206 0.573254
0.220976 0.251719 0.527305
0.213063 0.216213 0.570724
0.560825 0.224134 0.215041
0.211942 0.211942 0.576117
0.211950 0.211973 0.576077
0.211942 0.211942 0.576116
0.211955 0.211991 0.576054
0.211942 0.211942 0.576117
0.211942 0.211942 0.576117
0.214902 0.212730 0.572367
0.215776 0.212951 0.571273
0.212677 0.214727 0.572595
0.211942 0.211942 0.576117
0.216926 0.230222 0.552852
0.211942 0.211942 0.576117
0.217830 0.236261 0.545909
0.212876 0.215493 0.571630
0.215879 0.227379 0.556742
0.212589 0.214386 0.573025
0.211943 0.576115 0.211942
0.215397 0.225114 0.559488
0.214154 0.220517 0.565329
0.223790 0.267729 0.508481
0.217076 0.230605 0.552319
0.212106 0.212558 0.575336
0.229965 0.318042 0.451994
0.212672 0.214707 0.572621
0.215705 0.226913 0.557382
0.225589 0.279502 0.494909
0.212358 0.213510 0.574132
0.220347 0.248063 0.531591
0.212362 0.213526 0.574112
0.212908 0.215614 0.571478
0.211942 0.211942 0.576117
0.215475 0.212874 0.571652
0.212485 0.213989 0.573526
0.213379 0.217445 0.569176
0.229054 0.462775 0.308172
0.212290 0.213253 0.574457
0.292996 0.243356 0.463647
0.211995 0.212144 0.575861
0.213187 0.216697 0.570116
0.213058 0.216194 0.570748
0.212903 0.215597 0.571499
0.223955 0.268757 0.507288
0.218889 0.241241 0.539870
0.211942 0.211942 0.576117
0.214121 0.565519 0.220359
0.576059 0.211987 0.211954
0.214942 0.223727 0.561331
0.219233 0.242903 0.537864
0.212914 0.215601 0.571484
0.212411 0.213711 0.573878
0.211942 0.211942 0.576117
0.212680 0.214730 0.572591
0.230901 0.440161 0.328938
0.213107 0.216386 0.570506
0.213079 0.216276 0.570645
0.225281 0.277210 0.497509
0.213707 0.567987 0.218306
0.221042 0.252074 0.526884
0.221683 0.251711 0.526606
0.213060 0.216178 0.570762
0.222000 0.257003 0.520997
0.213687 0.218660 0.567652
0.213262 0.216988 0.569750
0.211942 0.211942 0.576117
0.216210 0.229073 0.554717
0.217316 0.549843 0.232841
0.212465 0.213916 0.573619
0.211970 0.212049 0.575981
0.214812 0.223192 0.561995
0.211942 0.211942 0.576117
0.214172 0.220591 0.565237
0.211942 0.211942 0.576117
0.212507 0.214079 0.573414
0.212905 0.215602 0.571493
0.212013 0.212208 0.575780
0.231638 0.342436 0.425926
0.570481 0.216406 0.213112
0.218027 0.237187 0.544785
0.211942 0.211942 0.576117
0.213765 0.218386 0.567849
0.569216 0.217413 0.213370
0.214425 0.221615 0.563960
0.218535 0.239557 0.541909
0.211942 0.211942 0.576117
0.221046 0.252095 0.526859
0.576039 0.212003 0.211958
0.212507 0.214079 0.573414
0.212223 0.213000 0.574777
0.217121 0.233070 0.549808
0.212206 0.212937 0.574857
0.214479 0.221830 0.563691
0.212317 0.213358 0.574325
0.213583 0.218248 0.568169
0.214613 0.222377 0.563010
0.213131 0.216456 0.570413
0.212501 0.214055 0.573444
0.214858 0.223382 0.561760
0.212057 0.212374 0.575569
0.232456 0.363693 0.403852
0.222866 0.262196 0.514938
0.214099 0.220300 0.565600
0.250827 0.256589 0.492584
0.212134 0.212664 0.575202
0.215750 0.557142 0.227107
0.212187 0.212865 0.574948
0.218163 0.237808 0.544028
0.212551 0.214246 0.573203
0.211942 0.211942 0.576117
0.213543 0.218085 0.568372
0.212039 0.212123 0.575837
0.214662 0.222570 0.562768
0.223643 0.266354 0.510002
0.212490 0.214014 0.573495
0.212556 0.214254 0.573190
0.211989 0.212118 0.575894
0.212316 0.213350 0.574334
0.211942 0.211942 0.576117
0.211942 0.211942 0.576117
0.211942 0.211942 0.576117
0.211942 0.211942 0.576117
0.211942 0.211942 0.576117
0.215863 0.227573 0.556564
0.213666 0.218577 0.567757
0.211942 0.211942 0.576116
0.211942 0.211942 0.576117
0.212479 0.213971 0.573550
0.211942 0.211942 0.576117
0.211942 0.211943 0.576115
0.213401 0.217534 0.569064
0.212074 0.212440 0.575486
0.212388 0.213625 0.573987
0.214186 0.220649 0.565165
0.214964 0.223816 0.561220
0.211942 0.211942 0.576117
0.213805 0.219109 0.567087
0.211942 0.211942 0.576117
0.211942 0.211942 0.576117
0.215627 0.226586 0.557787
0.212004 0.212177 0.575818
0.212813 0.215250 0.571937
0.214444 0.221690 0.563867
0.212154 0.212741 0.575105
0.212032 0.212281 0.575687
0.230720 0.315382 0.453898
0.576115 0.211943 0.211942
0.213328 0.217246 0.569426
0.212066 0.212407 0.575527
0.223846 0.268080 0.508074
0.217820 0.236225 0.545955
0.216213 0.229087 0.554700
0.211942 0.211942 0.576117
0.215949 0.227951 0.556100
0.211942 0.211942 0.576117
0.217956 0.236785 0.545259
0.211942 0.211942 0.576117
0.211942 0.211942 0.576117
0.212933 0.215713 0.571354
0.220503 0.248833 0.530664
0.232471 0.364484 0.403045
0.213086 0.216303 0.570611
0.215610 0.226511 0.557879
0.227860 0.297058 0.475082
0.211942 0.211942 0.576117
0.211943 0.211942 0.576115
0.211942 0.211942 0.576117
0.211942 0.211942 0.576117
0.211942 0.211942 0.576117
0.213447 0.217713 0.568840
0.217049 0.232747 0.550204
0.216962 0.232363 0.550675
0.217684 0.235612 0.546704
0.216556 0.230551 0.552893
0.211942 0.211942 0.576117
0.226584 0.222914 0.550502
0.211942 0.211942 0.576117
0.225070 0.498956 0.275974
0.212868 0.215460 0.571673
0.215795 0.227289 0.556916
0.214273 0.220995 0.564732
0.212056 0.212369 0.575575
0.212684 0.214755 0.572561
0.212556 0.214265 0.573179
0.213359 0.217366 0.569275
0.212866 0.215453 0.571681
0.212365 0.213538 0.574098
0.212973 0.215868 0.571158
0.221501 0.215848 0.562652
0.214159 0.220519 0.565322
0.214144 0.220481 0.565375
0.211994 0.211955 0.576051
0.217180 0.233331 0.549489
0.212508 0.573469 0.214023
0.213276 0.217042 0.569682
0.212215 0.212971 0.574814
0.212113 0.212586 0.575301
0.219492 0.536340 0.244169
0.214863 0.223399 0.561738
0.212133 0.212663 0.575204
0.213786 0.219052 0.567162
0.211942 0.211942 0.576117
0.212155 0.212744 0.575101
0.212084 0.212475 0.575441
0.212779 0.215117 0.572105
0.211948 0.211964 0.576088
0.211942 0.211942 0.576117
0.212382 0.213604 0.574014
0.211942 0.211942 0.576117
0.211966 0.212033 0.576001
0.212864 0.215446 0.571690
0.220140 0.247408 0.532452
0.212505 0.214070 0.573425
0.212166 0.212786 0.575048
0.212924 0.215676 0.571400
0.575646 0.212041 0.212313
0.211942 0.211942 0.576117
0.211957 0.211998 0.576045
0.232698 0.378302 0.389000
0.211942 0.211942 0.576117
0.216008 0.228193 0.555799
0.212715 0.214873 0.572412
0.211942 0.211942 0.576117
0.211942 0.211942 0.576117
0.212126 0.212636 0.575237
0.211942 0.211942 0.576117
0.232671 0.377151 0.390178
0.212801 0.215202 0.571997
0.212533 0.214177 0.573290
0.212009 0.212195 0.575796
0.215042 0.224141 0.560817
0.218361 0.238685 0.542954
0.229808 0.316237 0.453955
0.212280 0.213217 0.574502
0.215836 0.227472 0.556691
0.213150 0.216552 0.570299
0.213725 0.218241 0.568034
0.213770 0.218988 0.567242
0.216287 0.229406 0.554307
0.211942 0.211942 0.576117
0.215308 0.224890 0.559802
0.212635 0.214565 0.572801
0.212588 0.214374 0.573038
0.211942 0.211942 0.576117
0.212228 0.213020 0.574752
0.211942 0.211942 0.576117
0.212577 0.214343 0.573080
0.215826 0.227430 0.556744
0.212302 0.213299 0.574399
0.214407 0.221538 0.564055
0.213734 0.218844 0.567422
0.232935 0.366140 0.400924
0.211964 0.212026 0.576009
0.460618 0.310137 0.229245
0.211942 0.211942 0.576117
0.218539 0.239577 0.541884
0.214477 0.221824 0.563699
0.213267 0.217010 0.569723
0.212246 0.213089 0.574664
0.232642 0.393185 0.374174
0.229187 0.309475 0.461338
0.214312 0.221156 0.564532
0.212301 0.213294 0.574405
0.225338 0.277791 0.496871
0.215940 0.227912 0.556148
0.215283 0.225140 0.559577
0.212813 0.215250 0.571936
0.212852 0.215400 0.571748
0.218067 0.237369 0.544564
0.215267 0.225076 0.559657
0.215003 0.223967 0.561029
0.213019 0.571350 0.215631
0.225181 0.276720 0.498100
0.212260 0.213141 0.574598
0.216430 0.230024 0.553546
0.211990 0.212123 0.575887
0.211942 0.211942 0.576117
0.217269 0.233733 0.548998
0.213773 0.219000 0.567226
0.212166 0.212784 0.575051
0.217298 0.233563 0.549139
0.213265 0.216999 0.569736
0.212021 0.212240 0.575739
0.214255 0.220926 0.564819
0.211965 0.212028 0.576007
0.212144 0.212704 0.575152
0.224581 0.272743 0.502676
0.467122 0.228649 0.304229
0.212641 0.214589 0.572771
0.232362 0.360181 0.407457
0.212208 0.212942 0.574851
0.212113 0.212585 0.575302
0.212639 0.214581 0.572780
0.211942 0.211942 0.576117
0.212002 0.576040 0.211958
0.214976 0.223869 0.561155
0.212787 0.215128 0.572085
0.211942 0.211942 0.576117
0.214005 0.219920 0.566074
0.214973 0.223853 0.561175
0.211942 0.211942 0.576116
0.231758 0.423533 0.344710
0.213181 0.216671 0.570148
0.213875 0.219405 0.566719
0.211942 0.211942 0.576117
0.211942 0.211942 0.576117
0.213349 0.217329 0.569322
0.212033 0.212281 0.575687
0.211942 0.211942 0.576117
0.213869 0.219380 0.566751
0.219370 0.243570 0.537060
0.212253 0.213113 0.574635
0.214029 0.220018 0.565953
0.220462 0.249010 0.530529
0.212168 0.212794 0.575037
0.214793 0.223113 0.562094
0.212282 0.213224 0.574494
0.212963 0.574823 0.212214
0.211942 0.211942 0.576117
0.211942 0.211942 0.576117
0.213652 0.218516 0.567832
0.213390 0.217489 0.569120
0.212122 0.212619 0.575259
0.217774 0.236022 0.546204
0.575996 0.212037 0.211967
0.217923 0.236702 0.545375
0.211942 0.211942 0.576117
0.230611 0.326148 0.443241
0.214452 0.221721 0.563827
0.231507 0.339731 0.428762
0.212141 0.212693 0.575166
0.211942 0.211942 0.576117
0.211942 0.211942 0.576117
0.212261 0.213146 0.574593
0.211942 0.211942 0.576117
0.211949 0.211971 0.576079
0.217059 0.554410 0.228530
0.221832 0.256217 0.521951
0.211942 0.211942 0.576117
0.213063 0.216215 0.570723
0.217062 0.232808 0.550130
0.212366 0.213540 0.574094
0.213644 0.218487 0.567869
0.213123 0.216447 0.570431
0.211942 0.211942 0.576117
0.212098 0.212527 0.575375
0.220026 0.246828 0.533146
0.218763 0.240603 0.540634
0.211966 0.212033 0.576001
0.221121 0.252492 0.526387
0.214799 0.223137 0.562064
0.211942 0.211942 0.576117
0.213132 0.216481 0.570388
0.211942 0.211942 0.576117
0.231948 0.348878 0.419175
0.222016 0.257356 0.520628
0.232064 0.416721 0.351215
0.212166 0.212784 0.575050
0.231453 0.339010 0.429537
0.217546 0.234982 0.547472
0.211942 0.211942 0.576117
0.212390 0.213632 0.573979
0.212217 0.212976 0.574807
0.213597 0.218303 0.568100
0.220156 0.247474 0.532370
0.217445 0.234526 0.548029
0.219466 0.244025 0.536509
0.212401 0.213673 0.573926
0.218305 0.238476 0.543220
0.211942 0.211942 0.576117
0.219955 0.246460 0.533585
0.225056 0.275878 0.499066
0.211942 0.211942 0.576117
0.226291 0.284583 0.489126
0.232593 0.370184 0.397222
0.212135 0.212670 0.575194
0.213334 0.217269 0.569397
0.240820 0.325396 0.433784
0.215374 0.225522 0.559104
0.211960 0.212010 0.576030
0.218442 0.239122 0.542436
0.215981 0.228089 0.555930
0.214076 0.220206 0.565718
0.212265 0.213160 0.574574
0.213312 0.217184 0.569505
0.211942 0.211942 0.576117
0.211942 0.211942 0.576117
0.211942 0.211942 0.576117
0.211942 0.211942 0.576117
0.211942 0.211942 0.576117
0.324103 0.230457 0.445441
0.211942 0.211942 0.576117
0.213122 0.216443 0.570435
0.212173 0.212811 0.575017
0.211942 0.211942 0.576117
0.213239 0.216900 0.569861
0.213240 0.216903 0.569857
0.214445 0.221696 0.563858
0.214315 0.221170 0.564514
0.212478 0.213967 0.573555
0.213942 0.218144 0.567914
0.211942 0.211942 0.576117
0.216030 0.226720 0.557250
0.211942 0.211942 0.576117
0.218316 0.238531 0.543153
0.213165 0.216611 0.570224
0.225168 0.498201 0.276631
0.213942 0.219668 0.566390
0.212922 0.215669 0.571410
0.214811 0.223138 0.562051
0.213003 0.215984 0.571013
0.212538 0.214195 0.573267
0.575575 0.212369 0.212056
0.232511 0.404892 0.362597
0.212253 0.213104 0.574643
0.217908 0.545466 0.236626
0.223529 0.266137 0.510334
0.211942 0.211942 0.576117
0.213199 0.216738 0.570063
0.213939 0.219661 0.566400
0.212569 0.214313 0.573119
0.211942 0.211942 0.576117
0.212102 0.212540 0.575358
0.214278 0.220562 0.565160
0.211942 0.211942 0.576116
0.211961 0.212013 0.576026
0.213841 0.219268 0.566892
0.216294 0.229435 0.554272
0.212731 0.214934 0.572335
0.211942 0.211942 0.576117
0.218627 0.238937 0.542436
0.211942 0.211942 0.576116
0.213473 0.217816 0.568710
0.211942 0.211942 0.576117
0.220326 0.248350 0.531325
0.215294 0.225149 0.559557
0.212674 0.214717 0.572609
0.217428 0.234447 0.548125
0.217959 0.236313 0.545728
0.213055 0.216182 0.570763
0.575856 0.212148 0.211996
0.211942 0.211942 0.576117
0.212776 0.215106 0.572117
0.213421 0.217609 0.568971
0.214633 0.222455 0.562911
0.211963 0.212022 0.576015
0.213595 0.218293 0.568112
0.223175 0.264010 0.512815
0.212129 0.212648 0.575223
0.216057 0.228415 0.555528
0.214324 0.221204 0.564472
0.211942 0.211942 0.576117
0.213647 0.218502 0.567851
0.211942 0.211942 0.576117
0.212249 0.213100 0.574651
0.213727 0.218815 0.567458
0.212732 0.214938 0.572330
0.213287 0.217085 0.569629
0.212326 0.213389 0.574285
0.228115 0.299327 0.472559
0.214835 0.223284 0.561880
0.230264 0.321654 0.448082
0.219450 0.243953 0.536597
0.213281 0.217065 0.569654
0.211942 0.211942 0.576117
0.213546 0.218104 0.568350
0.236739 0.439543 0.323718
0.212879 0.215502 0.571620
0.212292 0.213259 0.574449
0.212832 0.215324 0.571844
0.212962 0.215825 0.571213
0.213720 0.218785 0.567496
0.211942 0.211942 0.576117
0.212225 0.213009 0.574765
0.223064 0.263358 0.513578
0.211942 0.211942 0.576116
0.214209 0.220740 0.565051
0.214979 0.223878 0.561143
0.215225 0.224893 0.559882
0.214480 0.221837 0.563683
0.213297 0.217127 0.569576
0.213687 0.218660 0.567652
0.211942 0.211942 0.576117
0.457008 0.229556 0.313436
0.576038 0.211987 0.211975
0.211942 0.211942 0.576117
0.211942 0.211942 0.576117
0.211942 0.211942 0.576117
0.211942 0.211942 0.576117
0.211942 0.211942 0.576117
0.211942 0.211942 0.576117
0.213356 0.217345 0.569299
0.212354 0.213496 0.574150
0.213204 0.216761 0.570035
0.215612 0.226521 0.557867
0.212415 0.213729 0.573856
0.213378 0.217441 0.569181
0.211942 0.211942 0.576117
0.224618 0.272907 0.502475
0.219661 0.539887 0.240452
0.212541 0.214207 0.573252
0.212813 0.215249 0.571939
0.215443 0.225810 0.558747
0.213328 0.217247 0.569425
0.211942 0.211942 0.576117
0.211942 0.211942 0.576117
0.214634 0.222464 0.562902
0.212369 0.213554 0.574077
0.211942 0.211942 0.576116
0.216588 0.230714 0.552698
0.218884 0.241217 0.539898
0.212082 0.212467 0.575451
0.214445 0.221694 0.563860
0.213338 0.217285 0.569378
0.213243 0.216916 0.569841
0.226730 0.498029 0.275240
0.217897 0.236539 0.545564
0.215117 0.224438 0.560445
0.211943 0.211948 0.576109
0.215007 0.223996 0.560997
0.211942 0.211942 0.576117
0.212010 0.212198 0.575792
0.216129 0.228727 0.555144
0.215949 0.227915 0.556135
0.217937 0.236770 0.545293
0.213075 0.216263 0.570662
0.213429 0.217643 0.568928
0.213379 0.217446 0.569175
0.211942 0.211942 0.576117
0.215579 0.226383 0.558038
0.213551 0.218123 0.568326
0.212892 0.215552 0.571556
0.211942 0.211942 0.576117
0.212403 0.213681 0.573916
0.212012 0.576027 0.211960
0.226191 0.283845 0.489964
0.218954 0.241483 0.539563
0.214623 0.222293 0.563084
0.217238 0.233593 0.549169
0.564700 0.221021 0.214279
0.213168 0.216623 0.570209
0.211942 0.211942 0.576117
0.213513 0.217963 0.568524
0.211947 0.211943 0.576110
0.212084 0.212475 0.575442
0.220207 0.247747 0.532045
0.213188 0.216699 0.570113
0.213563 0.218170 0.568267
0.211947 0.211961 0.576093
0.219642 0.244914 0.535444
0.213620 0.218394 0.567986
0.212574 0.214332 0.573094
0.212894 0.215561 0.571545
0.213800 0.219098 0.567102
0.211942 0.211942 0.576117
0.211942 0.211942 0.576117
0.212731 0.214934 0.572335
0.211942 0.211944 0.576114
0.576112 0.211945 0.211943
0.211956 0.211997 0.576047
0.211942 0.211942 0.576117
0.211943 0.211942 0.576115
0.211942 0.211942 0.576117
0.211942 0.211942 0.576117
0.211942 0.211942 0.576117
0.215957 0.227988 0.556055
0.212704 0.214829 0.572467
0.211942 0.211942 0.576117
0.214813 0.223194 0.561993
0.216541 0.230508 0.552951
0.214046 0.220083 0.565872
0.223024 0.262786 0.514190
0.216544 0.230522 0.552934
0.219218 0.242833 0.537948
0.224749 0.273729 0.501523
0.211942 0.211942 0.576117
0.214082 0.220228 0.565690
0.215634 0.226614 0.557752
0.576105 0.211951 0.211944
0.211942 0.211942 0.576117
0.212666 0.214684 0.572650
0.212608 0.213604 0.573788
0.212605 0.214451 0.572944
0.228574 0.303480 0.467946
0.213205 0.216768 0.570026
0.211942 0.211942 0.576117
0.213273 0.569701 0.217026
0.211951 0.211975 0.576074
0.212624 0.214519 0.572858
0.281572 0.453808 0.264621
0.211942 0.211942 0.576117
0.211942 0.211942 0.576117
0.212770 0.215086 0.572144
0.212457 0.213885 0.573658
0.212930 0.215701 0.571369
0.212665 0.214669 0.572666
0.219810 0.245748 0.534442
0.215205 0.224818 0.559977
0.214504 0.221934 0.563562
0.214169 0.220580 0.565251
0.214294 0.221082 0.564625
0.212456 0.212079 0.575466
0.214352 0.221317 0.564331
0.211942 0.211942 0.576117
0.211942 0.211942 0.576117
0.213982 0.219831 0.566187
0.212650 0.214624 0.572725
0.211978 0.212076 0.575946
0.214209 0.220739 0.565052
0.228415 0.301870 0.469715
0.212562 0.214288 0.573150
0.232311 0.409044 0.358645
0.211942 0.211942 0.576117
0.211959 0.212008 0.576033
0.212154 0.212740 0.575106
0.217386 0.234259 0.548355
0.211942 0.211942 0.576117
0.211942 0.211944 0.576113
0.574510 0.213211 0.212279
0.233600 0.313321 0.453079
0.212528 0.214160 0.573312
0.211942 0.211942 0.576117
0.211942 0.211942 0.576117
0.213769 0.218982 0.567249
0.213598 0.218308 0.568093
0.214096 0.220283 0.565621
0.212127 0.212638 0.575234
0.212045 0.212331 0.575623
0.212694 0.214791 0.572516
0.213130 0.216473 0.570397
0.215406 0.225657 0.558937
0.213314 0.217176 0.569510
0.212734 0.214948 0.572318
0.211942 0.211942 0.576117
0.222898 0.262377 0.514726
0.214804 0.223158 0.562039
0.214155 0.220519 0.565326
0.213077 0.216270 0.570652
0.214798 0.223133 0.562069
0.217644 0.235427 0.546929
0.214513 0.221967 0.563520
0.211942 0.211942 0.576116
0.211975 0.212068 0.575957
0.214542 0.222089 0.563369
0.211944 0.211950 0.576106
0.232722 0.379671 0.387607
0.220476 0.249123 0.530400
0.212216 0.212973 0.574811
0.213551 0.218122 0.568328
0.214002 0.219911 0.566087
0.212614 0.214487 0.572899
0.211994 0.212137 0.575869
0.575334 0.212557 0.212109
0.211942 0.211942 0.576117
0.211943 0.211942 0.576116
0.211942 0.211942 0.576117
0.211942 0.211942 0.576117
0.215772 0.227190 0.557037
0.215409 0.225670 0.558921
0.217514 0.234837 0.547649
0.229617 0.298411 0.471972
0.211942 0.211942 0.576117
0.211942 0.211942 0.576117
0.213315 0.217195 0.569490
0.213264 0.216997 0.569738
0.216524 0.230438 0.553038
0.214715 0.222790 0.562495
0.211946 0.211958 0.576096
0.212269 0.213165 0.574566
0.212299 0.213289 0.574411
0.224384 0.271469 0.504147
0.217155 0.233058 0.549787
0.213327 0.217242 0.569432
0.213505 0.217940 0.568556
0.211959 0.212009 0.576032
0.212951 0.215343 0.571706
0.212837 0.215334 0.571830
0.211942 0.211942 0.576117
0.215168 0.224662 0.560170
0.218530 0.239506 0.541964
0.212629 0.214542 0.572829
0.212855 0.574961 0.212185
0.212219 0.212954 0.574826
0.211951 0.211978 0.576071
0.228718 0.304894 0.466387
0.213519 0.217996 0.568485
0.214331 0.221232 0.564438
0.213508 0.217954 0.568537
0.221745 0.214461 0.563794
0.212587 0.214385 0.573028
0.215664 0.225788 0.558548
0.212566 0.214302 0.573132
0.212108 0.212566 0.575327
0.215524 0.226149 0.558327
0.212490 0.214014 0.573496
0.212070 0.211976 0.575955
0.216204 0.229047 0.554749
0.212596 0.214417 0.572987
0.211946 0.211958 0.576095
0.211942 0.211942 0.576117
0.216498 0.230287 0.553215
0.221117 0.252448 0.526435
0.212426 0.213770 0.573804
0.219142 0.242460 0.538398
0.217741 0.235865 0.546394
0.225094 0.276054 0.498852
0.222004 0.522946 0.255051
0.230338 0.299959 0.469702
0.212155 0.212744 0.575100
0.213107 0.216370 0.570524
0.227023 0.486167 0.286810
0.212068 0.212416 0.575515
0.218256 0.238221 0.543523
0.219351 0.243452 0.537197
0.219649 0.244945 0.535406
0.217214 0.233486 0.549299
0.211942 0.211942 0.576116
0.213950 0.219704 0.566346
0.211942 0.211942 0.576116
0.211942 0.211942 0.576117
0.222247 0.214731 0.563022
0.232635 0.373611 0.393754
0.211942 0.211942 0.576117
0.211991 0.212126 0.575883
0.211942 0.211942 0.576117
0.211942 0.211942 0.576117
0.211987 0.212112 0.575901
0.211942 0.211942 0.576116
0.215937 0.227896 0.556167
0.212453 0.213872 0.573675
0.211942 0.211942 0.576117
0.212978 0.215887 0.571135
0.211942 0.211942 0.576117
0.213443 0.217698 0.568859
0.212134 0.212665 0.575201
0.216109 0.228528 0.555363
0.211942 0.211942 0.576117
0.211993 0.212134 0.575873
0.220852 0.251034 0.528114
0.211943 0.211949 0.576108
0.212391 0.213638 0.573971
0.213164 0.216608 0.570228
0.211942 0.211942 0.576117
0.211942 0.211942 0.576117
0.212160 0.212763 0.575077
0.214987 0.223914 0.561099
0.212640 0.214586 0.572774
0.211942 0.211942 0.576117
0.211954 0.211946 0.576100
0.220385 0.530963 0.248652
0.211944 0.211950 0.576106
0.503447 0.272075 0.224478
0.220435 0.530981 0.248584
0.212195 0.212896 0.574909
0.212014 0.212214 0.575772
0.215593 0.226443 0.557963
0.220048 0.246834 0.533118
0.212717 0.214534 0.572749
0.211984 0.212101 0.575915
0.232749 0.379906 0.387346
0.211986 0.212107 0.575908
0.212402 0.213678 0.573920
0.214736 0.222881 0.562383
0.576040 0.212001 0.211959
0.216485 0.230266 0.553249
0.212420 0.213745 0.573835
0.211942 0.211942 0.576117
0.211942 0.211942 0.576117
0.214971 0.223847 0.561181
0.216267 0.229322 0.554411
0.534564 0.219790 0.245646
0.211942 0.211942 0.576117
0.216671 0.231077 0.552253
0.215863 0.227585 0.556552
0.212017 0.212226 0.575757
0.576048 0.211996 0.211956
0.232662 0.391223 0.376115
0.227385 0.287185 0.485430
0.215584 0.226398 0.558018
0.220240 0.247915 0.531845
0.211942 0.211942 0.576117
0.211942 0.211942 0.576116
0.219208 0.242782 0.538010
0.215016 0.224022 0.560963
0.212023 0.212249 0.575728
0.225493 0.278861 0.495646
0.211942 0.211942 0.576117
0.212170 0.212800 0.575030
0.212455 0.213880 0.573664
0.211998 0.212154 0.575848
0.216612 0.230819 0.552569
0.212182 0.212844 0.574975
0.212710 0.214855 0.572435
0.211942 0.211942 0.576117
0.211942 0.211942 0.576117
0.218322 0.238518 0.543161
0.212955 0.215796 0.571250
0.212245 0.213083 0.574672
0.212429 0.213780 0.573792
0.211958 0.212004 0.576038
0.220660 0.250074 0.529266
0.211952 0.211944 0.576103
0.211942 0.211942 0.576117
0.212105 0.212555 0.575340
0.211996 0.212146 0.575858
0.220119 0.247302 0.532579
0.216641 0.230947 0.552412
0.212086 0.212482 0.575432
0.211942 0.211942 0.576117
0.215049 0.224157 0.560793
0.576117 0.211942 0.211942
0.211942 0.211942 0.576117
0.213590 0.218274 0.568136
0.216696 0.231186 0.552118
0.230829 0.329180 0.439990
0.213669 0.212400 0.573932
0.212760 0.215044 0.572196
0.212050 0.212350 0.575600
0.216406 0.229922 0.553672
0.212865 0.215371 0.571764
0.211942 0.211942 0.576117
0.212789 0.215156 0.572055
0.215589 0.226340 0.558071
0.211942 0.211942 0.576117
0.214032 0.220031 0.565937
0.225968 0.280247 0.493785
0.221588 0.255005 0.523407
0.213439 0.217643 0.568917
0.212460 0.213900 0.573640
0.220140 0.247404 0.532456
0.211942 0.211942 0.576117
0.211945 0.211943 0.576112
0.211942 0.211942 0.576117
0.211942 0.211942 0.576117
0.213602 0.574016 0.212382
0.211953 0.211985 0.576061
0.212021 0.212240 0.575739
0.218250 0.238198 0.543552
0.214859 0.572429 0.212711
0.575390 0.212516 0.212094
0.211942 0.211942 0.576117
0.211942 0.211942 0.576117
0.212030 0.212272 0.575699
0.211942 0.211942 0.576117
0.218837 0.240991 0.540172
0.212804 0.215215 0.571981
0.212041 0.212313 0.575646
0.212328 0.213396 0.574276
0.212551 0.214245 0.573204
0.212869 0.215466 0.571665
0.211942 0.211942 0.576117
0.224849 0.274496 0.500655
0.331691 0.376718 0.291591
0.212419 0.574643 0.212938
0.212212 0.212960 0.574827
0.211942 0.211942 0.576117
0.212172 0.212808 0.575020
0.211942 0.211942 0.576117
0.213251 0.216946 0.569804
0.213002 0.215975 0.571023
0.576086 0.211966 0.211948
0.213631 0.218433 0.567936
0.229707 0.315098 0.455195
0.221581 0.254966 0.523453
0.212434 0.213800 0.573766
0.211942 0.211942 0.576117
0.215509 0.226088 0.558403
0.215044 0.223938 0.561018
0.232129 0.334297 0.433575
0.215376 0.225528 0.559096
0.211942 0.211942 0.576117
0.212610 0.214471 0.572919
0.574802 0.212390 0.212808
0.213071 0.216245 0.570684
0.213666 0.218576 0.567757
0.212754 0.215022 0.572224
0.225053 0.508540 0.266407
0.211942 0.211942 0.576117
0.211942 0.211942 0.576117
0.211946 0.576108 0.211946
0.211942 0.211942 0.576117
0.212130 0.212650 0.575220
0.222862 0.262157 0.514980
0.211983 0.212098 0.575919
0.212157 0.212751 0.575093
0.211942 0.211942 0.576117
0.213729 0.218826 0.567445
0.211959 0.212007 0.576034
0.211947 0.211961 0.576092
0.221452 0.254266 0.524282
0.212112 0.212582 0.575305
0.211942 0.211942 0.576117
0.211942 0.211942 0.576117
0.223382 0.238044 0.538575
0.211942 0.211942 0.576117
0.218754 0.240593 0.540653
0.211942 0.211942 0.576117
0.214101 0.220307 0.565592
0.211960 0.212011 0.576029
0.211942 0.211942 0.576117
0.212146 0.212711 0.575143
0.229011 0.307758 0.463231
0.214071 0.220187 0.565742
0.211942 0.211942 0.576117
0.213270 0.217020 0.569710
0.212005 0.212178 0.575817
0.234372 0.318282 0.447346
0.214457 0.221221 0.564322
0.212055 0.212369 0.575576
0.211942 0.211942 0.576117
0.220658 0.250061 0.529281
0.213154 0.216570 0.570276
0.214939 0.223715 0.561346
0.212104 0.212551 0.575345
0.212440 0.213807 0.573753
0.211962 0.212018 0.576020
0.211942 0.211942 0.576116
0.211942 0.211942 0.576117
0.211942 0.211942 0.576117
0.212461 0.213903 0.573636
0.212194 0.212891 0.574915
0.211942 0.211942 0.576117
0.212007 0.212187 0.575805
0.227689 0.295634 0.476677
0.261245 0.297399 0.441355
0.211942 0.211943 0.576116
0.220881 0.251228 0.527891
0.212064 0.212400 0.575536
0.213307 0.217165 0.569528
0.214062 0.220151 0.565787
0.216748 0.231416 0.551837
0.212691 0.214781 0.572528
0.212832 0.215325 0.571843
0.214606 0.222347 0.563047
0.213360 0.217372 0.569268
0.219474 0.244079 0.536447
0.215769 0.227185 0.557046
0.212174 0.212814 0.575013
0.212040 0.212311 0.575648
0.212003 0.212172 0.575825
0.215144 0.224562 0.560295
0.211942 0.211942 0.576117
0.214355 0.221328 0.564317
0.211942 0.211942 0.576117
0.214610 0.222365 0.563026
0.214452 0.221721 0.563827
0.212334 0.213421 0.574245
0.211942 0.211942 0.576117
0.211942 0.211942 0.576117
0.211942 0.211942 0.576116
0.214269 0.220984 0.564747
0.212994 0.215946 0.571060
0.212380 0.213591 0.574029
0.212560 0.214281 0.573159
0.213368 0.217403 0.569229
0.213806 0.219132 0.567062
0.213227 0.216842 0.569932
0.215996 0.228155 0.555848
0.211947 0.211962 0.576091
0.216312 0.229513 0.554175
0.214523 0.222012 0.563465
0.211942 0.211942 0.576117
0.213774 0.218998 0.567229
0.213707 0.218738 0.567555
0.211944 0.211952 0.576104
0.213420 0.217607 0.568973
0.213805 0.219124 0.567071
0.220363 0.214120 0.565517
0.211942 0.211942 0.576117
0.211953 0.211984 0.576064
0.211942 0.211942 0.576117
0.212360 0.213519 0.574121
0.214122 0.220392 0.565486
0.217253 0.233659 0.549089
0.213858 0.219337 0.566805
0.211942 0.211942 0.576117
0.211950 0.211972 0.576079
0.212474 0.213953 0.573573
0.218302 0.238465 0.543233
0.212015 0.212217 0.575768
0.212100 0.212536 0.575365
0.212134 0.212666 0.575200
0.211942 0.211942 0.576117
0.217480 0.234683 0.547837
0.211942 0.211942 0.576117
0.212132 0.212657 0.575211
0.212109 0.212572 0.575319
0.211942 0.211943 0.576115
0.216338 0.229629 0.554033
0.213912 0.219550 0.566539
0.211942 0.211942 0.576117
0.215279 0.225125 0.559597
0.212264 0.213153 0.574584
0.219614 0.244775 0.535610
0.211942 0.211942 0.576117
0.211942 0.211942 0.576117
0.212565 0.214298 0.573138
0.212209 0.212948 0.574843
0.212347 0.213470 0.574183
0.213230 0.216864 0.569906
0.211942 0.211942 0.576117
0.211942 0.211942 0.576117
0.211942 0.211944 0.576114
0.214045 0.220035 0.565920
0.213605 0.218327 0.568068
0.211942 0.211942 0.576117
0.213571 0.218202 0.568227
0.212310 0.213329 0.574360
0.211942 0.211942 0.576117
0.217084 0.232906 0.550010
0.211942 0.211942 0.576117
0.260691 0.234972 0.504337
0.211943 0.576115 0.211942
0.212961 0.215820 0.571219
0.212463 0.213911 0.573626
0.215058 0.224206 0.560737
0.212234 0.213042 0.574723
0.216309 0.229494 0.554198
0.226828 0.272182 0.500991
0.212025 0.212256 0.575718
0.220894 0.251296 0.527810
0.214296 0.221091 0.564614
0.211942 0.211942 0.576117
0.211942 0.211942 0.576117
0.212380 0.213594 0.574027
0.211942 0.211942 0.576117
0.212486 0.213999 0.573515
0.214652 0.222538 0.562809
0.211955 0.211992 0.576053
0.214873 0.223440 0.561687
0.211942 0.211942 0.576117
0.215012 0.224014 0.560975
0.516127 0.240401 0.243472
0.212723 0.214905 0.572372
0.218565 0.239700 0.541735
0.213251 0.212292 0.574457
0.211942 0.211942 0.576117
0.212124 0.212628 0.575248
0.211942 0.211942 0.576117
0.232542 0.399695 0.367763
0.214442 0.221682 0.563876
0.213993 0.219873 0.566134
0.224406 0.271110 0.504484
0.213719 0.218784 0.567498
0.220354 0.248494 0.531152
0.223016 0.263051 0.513932
0.214924 0.223653 0.561423
0.211942 0.211942 0.576117
0.211998 0.212153 0.575849
0.211942 0.211942 0.576117
0.211942 0.211942 0.576117
0.212081 0.212464 0.575455
0.211982 0.212094 0.575924
0.211943 0.211946 0.576112
0.212004 0.212175 0.575821
0.214294 0.221083 0.564623
0.211962 0.212018 0.576020
0.212307 0.213319 0.574374
0.216426 0.229999 0.553575
0.214913 0.223602 0.561486
0.212991 0.215937 0.571072
0.213830 0.219126 0.567044
0.211947 0.211960 0.576093
0.218135 0.237686 0.544180
0.213013 0.570964 0.216023
0.232731 0.376443 0.390826
0.211942 0.211945 0.576113
0.215273 0.225100 0.559627
0.213270 0.217019 0.569711
0.212040 0.212310 0.575650
0.212604 0.214449 0.572947
0.212064 0.212401 0.575535
0.212153 0.212737 0.575110
0.211949 0.211971 0.576080
0.213689 0.218667 0.567643
0.216157 0.228768 0.555075
0.214337 0.221256 0.564407
0.213770 0.218988 0.567242
0.213225 0.216847 0.569928
0.221947 0.256976 0.521077
0.223635 0.247704 0.528661
0.212225 0.574769 0.213007
0.213718 0.218780 0.567502
0.211942 0.211942 0.576117
0.228640 0.304142 0.467218
0.211942 0.211942 0.576117
0.212576 0.214340 0.573085
0.213747 0.218894 0.567359
0.212434 0.213801 0.573765
0.211942 0.211942 0.576117
0.211942 0.211942 0.576117
0.211942 0.211942 0.576117
0.222087 0.559322 0.218591
0.213656 0.218536 0.567808
0.212926 0.215686 0.571388
0.213010 0.216009 0.570982
0.218215 0.238054 0.543731
0.220485 0.249165 0.530351
0.212881 0.215512 0.571607
0.214431 0.221637 0.563933
0.212028 0.212265 0.575708
0.230529 0.445691 0.323780
0.222737 0.261019 0.516244
0.214800 0.223143 0.562057
0.212120 0.212610 0.575270
0.212030 0.212273 0.575697
0.228636 0.467259 0.304105
0.215729 0.227018 0.557253
0.212628 0.214541 0.572831
0.211942 0.211942 0.576117
0.213479 0.217838 0.568682
0.213058 0.216193 0.570749
0.259180 0.343919 0.396901
0.211942 0.211942 0.576116
0.212541 0.214208 0.573251
0.214677 0.222603 0.562720
0.221878 0.256567 0.521555
0.213664 0.218566 0.567771
0.212361 0.213523 0.574116
0.212307 0.213319 0.574374
0.313000 0.457469 0.229532
0.212027 0.212262 0.575711
0.213427 0.217633 0.568940
0.211962 0.212018 0.576020
0.211942 0.211942 0.576117
0.211942 0.211942 0.576117
0.212007 0.576034 0.211959
0.216567 0.230622 0.552811
0.213612 0.218362 0.568026
0.212205 0.212932 0.574863
0.212089 0.212496 0.575415
0.224987 0.275419 0.499593
0.211955 0.211992 0.576053
0.212688 0.214768 0.572544
0.212029 0.212268 0.575704
0.212088 0.212491 0.575421
0.211942 0.211942 0.576116
0.211942 0.211942 0.576117
0.212098 0.575373 0.212529
0.213288 0.217091 0.569621
0.211950 0.576106 0.211944
0.221406 0.527960 0.250634
0.225302 0.277543 0.497155
0.218079 0.237424 0.544497
0.214936 0.223638 0.561426
0.211942 0.211942 0.576117
0.211979 0.212080 0.575941
0.213041 0.216130 0.570829
0.212383 0.213606 0.574010
0.211942 0.211942 0.576117
0.211947 0.211960 0.576093
0.211942 0.211942 0.576117
0.217961 0.231726 0.550313
0.211942 0.211942 0.576117
0.213052 0.216174 0.570773
0.212108 0.212567 0.575325
0.214043 0.219161 0.566796
0.214604 0.222343 0.563053
0.214796 0.223119 0.562085
0.214172 0.220593 0.565235
0.212183 0.212849 0.574968
0.212821 0.215240 0.571939
0.212716 0.214876 0.572408
0.212876 0.215491 0.571633
0.212674 0.214715 0.572611
0.211944 0.211952 0.576104
0.211956 0.211995 0.576049
0.212021 0.211963 0.576016
0.214230 0.220825 0.564946
0.212038 0.212305 0.575657
0.214004 0.219920 0.566076
0.212260 0.213138 0.574602
0.212816 0.215261 0.571923
0.226359 0.256125 0.517516
0.216671 0.231079 0.552250
0.213692 0.218673 0.567635
0.211989 0.212118 0.575893
0.211944 0.211950 0.576106
0.211947 0.211962 0.576091
0.211942 0.211942 0.576117
0.213479 0.217838 0.568683
0.213610 0.218343 0.568047
0.212336 0.213430 0.574234
0.211967 0.212035 0.575998
0.216824 0.231750 0.551426
0.211942 0.211942 0.576117
0.211942 0.211942 0.576117
0.212144 0.212702 0.575154
0.213994 0.219803 0.566203
0.211942 0.211942 0.576117
0.214879 0.223466 0.561655
0.212528 0.214159 0.573312
0.214347 0.221289 0.564363
0.216136 0.228751 0.555113
0.211942 0.211942 0.576117
0.212597 0.214421 0.572982
0.211948 0.211965 0.576087
0.212029 0.211965 0.576006
0.213772 0.212428 0.573800
0.212541 0.214207 0.573252
0.213017 0.216035 0.570948
0.212616 0.214493 0.572891
0.213144 0.216529 0.570327
0.211942 0.211942 0.576117
0.211942 0.211942 0.576117
0.224195 0.270264 0.505541
0.211985 0.212103 0.575913
0.215937 0.227901 0.556162
0.214533 0.212629 0.572838
0.211944 0.211950 0.576106
0.211986 0.212109 0.575905
0.212706 0.214839 0.572455
0.211953 0.576063 0.211984
0.212356 0.213505 0.574139
0.214490 0.221878 0.563631
0.212808 0.215228 0.571964
0.220058 0.246992 0.532950
0.213624 0.218409 0.567967
0.212316 0.213351 0.574333
0.230978 0.330108 0.438914
0.211962 0.576091 0.211947
0.212596 0.214415 0.572989
0.213385 0.217466 0.569149
0.232586 0.364909 0.402505
0.211942 0.211942 0.576117
0.211942 0.211942 0.576117
0.215834 0.227464 0.556702
0.214343 0.221283 0.564374
0.212042 0.212319 0.575639
0.214591 0.222286 0.563123
0.217353 0.234107 0.548541
0.211949 0.211969 0.576082
0.213040 0.216126 0.570834
0.219017 0.241742 0.539240
0.216260 0.229174 0.554566
0.214357 0.220579 0.565064
0.213307 0.217164 0.569529
0.214638 0.222478 0.562884
0.241123 0.231688 0.527189
0.212431 0.213787 0.573782
0.214610 0.222203 0.563187
0.212548 0.214225 0.573227
0.222343 0.259190 0.518468
0.214655 0.222545 0.562799
0.214994 0.223939 0.561067
0.212240 0.213063 0.574697
0.211942 0.211942 0.576117
0.212311 0.213332 0.574357
0.212101 0.212541 0.575358
0.212997 0.215958 0.571045
0.211958 0.212002 0.576040
0.358504 0.409190 0.232307
0.211942 0.211942 0.576117
0.212082 0.212109 0.575809
0.213163 0.216570 0.570268
0.213114 0.570473 0.216413
0.212686 0.214763 0.572550
0.212058 0.212377 0.575565
0.212722 0.214901 0.572377
0.218037 0.237209 0.544753
0.212887 0.215533 0.571581
0.212157 0.212752 0.575090
0.211970 0.212050 0.575980
0.575317 0.212573 0.212110
0.212750 0.215005 0.572245
0.215387 0.225577 0.559036
0.212799 0.215196 0.572005
0.213922 0.219590 0.566488
0.212020 0.212235 0.575745
0.212121 0.212614 0.575265
0.217278 0.233770 0.548953
0.224434 0.271790 0.503776
0.211984 0.576046 0.211969
0.214557 0.222148 0.563295
0.211968 0.212040 0.575992
0.213600 0.218113 0.568287
0.218668 0.240187 0.541145
0.213025 0.216066 0.570909
0.211948 0.211967 0.576085
0.517934 0.259644 0.222423
0.231669 0.342718 0.425613
0.211968 0.211949 0.576083
0.215501 0.226055 0.558443
0.211943 0.211947 0.576110
0.211942 0.211942 0.576117
0.211942 0.211942 0.576117
0.211964 0.212024 0.576012
0.211970 0.212048 0.575981
0.211942 0.211942 0.576117
0.219252 0.242996 0.537752
0.217186 0.233359 0.549455
0.211942 0.211942 0.576117
0.221090 0.564615 0.214296
0.221620 0.255173 0.523206
0.225277 0.277360 0.497363
0.211942 0.211942 0.576117
0.213813 0.219157 0.567030
0.217652 0.235383 0.546965
0.233219 0.375940 0.390841
0.212471 0.213942 0.573587
0.215487 0.225993 0.558520
0.213162 0.216599 0.570239
0.214044 0.565876 0.220080
0.212795 0.215179 0.572026
0.214550 0.222120 0.563330
0.212991 0.215935 0.571074
0.211947 0.211963 0.576089
0.215007 0.223994 0.560999
0.214021 0.219890 0.566089
0.234670 0.357021 0.408309
0.220318 0.538139 0.241543
0.216523 0.230430 0.553047
0.214448 0.563956 0.221596
0.212418 0.213737 0.573846
0.339133 0.231460 0.429407
0.212326 0.213389 0.574285
0.222145 0.258077 0.519778
0.219062 0.242076 0.538862
0.213293 0.216950 0.569757
0.212400 0.213672 0.573928
0.211942 0.211942 0.576117
0.214871 0.223424 0.561705
0.212088 0.575421 0.212491
0.216505 0.553147 0.230348
0.213303 0.217151 0.569546
0.212205 0.212934 0.574860
0.215224 0.224894 0.559883
0.212503 0.214064 0.573433
0.224230 0.505284 0.270486
0.211957 0.211947 0.576096
0.218824 0.240927 0.540249
0.211981 0.212091 0.575928
0.212178 0.212830 0.574992
0.212106 0.212561 0.575333
0.214433 0.221635 0.563932
0.211951 0.211944 0.576105
0.213484 0.217859 0.568657
0.212772 0.215094 0.572134
0.211942 0.211942 0.576117
0.211942 0.211942 0.576117
0.214334 0.221243 0.564423
0.217856 0.236398 0.545746
0.211942 0.211942 0.576117
0.211942 0.211942 0.576117
0.211942 0.211942 0.576117
0.212806 0.215223 0.571971
0.212762 0.215043 0.572194
0.212744 0.214984 0.572272
0.214287 0.221056 0.564656
0.214280 0.221026 0.564694
0.223054 0.513645 0.263301
0.213562 0.218167 0.568270
0.213580 0.218230 0.568190
0.212704 0.214831 0.572465
0.213141 0.216517 0.570342
0.214851 0.223351 0.561798
0.213201 0.216751 0.570048
0.211942 0.211942 0.576116
0.213887 0.219452 0.566661
0.211944 0.211950 0.576106
0.212785 0.215143 0.572071
0.213927 0.219610 0.566463
0.212740 0.214912 0.572348
0.211942 0.211942 0.576117
0.213515 0.217980 0.568505
0.212085 0.212479 0.575436
0.223065 0.514560 0.262375
0.212055 0.211972 0.575972
0.212605 0.214453 0.572941
0.219659 0.244998 0.535343
0.211942 0.211942 0.576117
0.212382 0.213601 0.574017
0.214571 0.572793 0.212636
0.211942 0.211943 0.576115
0.211971 0.212053 0.575976
0.211942 0.211942 0.576117
0.211985 0.212103 0.575913
0.212100 0.212537 0.575363
0.221563 0.254865 0.523572
0.213063 0.216216 0.570721
0.211953 0.211984 0.576064
0.211943 0.211947 0.576110
0.211942 0.211942 0.576117
0.211942 0.211942 0.576117
0.211942 0.211942 0.576117
0.211942 0.211943 0.576116
0.212011 0.212201 0.575789
0.229968 0.318084 0.451947
0.212401 0.213676 0.573923
0.225195 0.497988 0.276816
0.216598 0.230759 0.552642
0.213767 0.218974 0.567260
